0 0.500000 0.500000 0.502183 0.504087
0 0.500000 0.500000 0.502183 0.504087
0 0.500000 0.500000 0.502183 0.504087
0 0.500000 0.500000 0.502183 0.504087
0 0.500000 0.500000 0.502183 0.504087
0 0.500000 0.500000 0.502183 0.504087
0 0.500000 0.498638 1.000000 0.599455
0 0.500000 0.498638 1.000000 0.599455
0 0.500000 0.498638 1.000000 0.599455
0 0.500000 0.498638 1.000000 0.599455
1 0.500000 0.500000 0.502183 0.504087
1 0.500000 0.500000 0.502183 0.504087
1 0.500000 0.500000 0.502183 0.504087
1 0.500000 0.500000 0.502183 0.504087
1 0.500000 0.500000 0.502183 0.504087
1 0.500000 0.500000 0.502183 0.504087
0 0.500000 0.498638 1.000000 0.599455
0 0.500000 0.498638 1.000000 0.599455
0 0.500000 0.498638 1.000000 0.599455
0 0.500000 0.498638 1.000000 0.599455
0 0.500000 0.498638 1.000000 0.599455
0 0.500000 0.498638 1.000000 0.599455
0 0.500000 0.498638 1.000000 0.599455
0 0.500000 0.498638 1.000000 0.599455
8 0.500000 0.498638 1.000000 0.599455
8 0.500000 0.498638 1.000000 0.599455
8 0.500000 0.498638 1.000000 0.599455
8 0.500000 0.498638 1.000000 0.599455
8 0.500000 0.498638 1.000000 0.599455
0 0.500000 0.498638 1.000000 0.599455
0 0.500000 0.498638 1.000000 0.599455
0 0.500000 0.498638 1.000000 0.599455
0 0.500000 0.498638 1.000000 0.599455
0 0.500000 0.498638 1.000000 0.599455
0 0.500000 0.498638 1.000000 0.599455
3 0.497817 0.149864 0.803493 0.299728
3 0.497817 0.149864 0.803493 0.299728
3 0.497817 0.149864 0.803493 0.299728
3 0.497817 0.149864 0.803493 0.299728
4 0.497817 0.498638 0.602620 0.397820
4 0.497817 0.498638 0.602620 0.397820
4 0.497817 0.498638 0.602620 0.397820
4 0.497817 0.498638 0.602620 0.397820
4 0.497817 0.498638 0.602620 0.397820
4 0.497817 0.498638 0.602620 0.397820
8 0.500000 0.498638 1.000000 0.599455
8 0.500000 0.498638 1.000000 0.599455
8 0.500000 0.498638 1.000000 0.599455
8 0.500000 0.498638 1.000000 0.599455
8 0.500000 0.498638 1.000000 0.599455
8 0.500000 0.498638 1.000000 0.599455
8 0.500000 0.498638 1.000000 0.599455
8 0.500000 0.498638 1.000000 0.599455
8 0.500000 0.498638 1.000000 0.599455
0 0.500000 0.498638 1.000000 0.599455
0 0.500000 0.498638 1.000000 0.599455
0 0.500000 0.498638 1.000000 0.599455
0 0.500000 0.498638 1.000000 0.599455
0 0.500000 0.498638 1.000000 0.599455
0 0.500000 0.500000 0.502183 0.504087
0 0.500000 0.500000 0.502183 0.504087
0 0.500000 0.500000 0.502183 0.504087
0 0.500000 0.500000 0.502183 0.504087
0 0.500000 0.500000 0.502183 0.504087
8 0.500000 0.498638 1.000000 0.599455
8 0.500000 0.498638 1.000000 0.599455
8 0.500000 0.498638 1.000000 0.599455
8 0.500000 0.498638 1.000000 0.599455
8 0.500000 0.498638 1.000000 0.599455
