0 0.500000 0.500000 0.504225 0.504348
0 0.500000 0.500000 0.504225 0.504348
0 0.500000 0.500000 0.504225 0.504348
0 0.500000 0.500000 0.504225 0.504348
0 0.500000 0.500000 0.504225 0.504348
8 0.500000 0.500000 1.000000 0.600000
8 0.500000 0.500000 1.000000 0.600000
8 0.500000 0.500000 1.000000 0.600000
8 0.500000 0.500000 1.000000 0.600000
8 0.500000 0.500000 1.000000 0.600000
8 0.500000 0.500000 1.000000 0.600000
1 0.500000 0.500000 0.504225 0.504348
1 0.500000 0.500000 0.504225 0.504348
1 0.500000 0.500000 0.504225 0.504348
1 0.500000 0.500000 0.504225 0.504348
0 0.500000 0.500000 1.000000 0.600000
0 0.500000 0.500000 1.000000 0.600000
0 0.500000 0.500000 1.000000 0.600000
0 0.500000 0.500000 1.000000 0.600000
0 0.500000 0.500000 1.000000 0.600000
0 0.500000 0.500000 1.000000 0.600000
8 0.500000 0.500000 1.000000 0.600000
8 0.500000 0.500000 1.000000 0.600000
8 0.500000 0.500000 1.000000 0.600000
0 0.500000 0.500000 0.504225 0.504348
0 0.500000 0.500000 0.504225 0.504348
0 0.500000 0.500000 0.504225 0.504348
0 0.500000 0.500000 0.504225 0.504348
0 0.500000 0.500000 0.504225 0.504348
3 0.498592 0.150000 0.800000 0.300000
3 0.498592 0.150000 0.800000 0.300000
3 0.498592 0.150000 0.800000 0.300000
3 0.498592 0.150000 0.800000 0.300000
3 0.498592 0.150000 0.800000 0.300000
3 0.498592 0.150000 0.800000 0.300000
3 0.498592 0.150000 0.800000 0.300000
3 0.498592 0.150000 0.800000 0.300000
3 0.498592 0.150000 0.800000 0.300000
3 0.498592 0.150000 0.800000 0.300000
3 0.498592 0.150000 0.800000 0.300000
3 0.498592 0.150000 0.800000 0.300000
8 0.500000 0.500000 1.000000 0.600000
8 0.500000 0.500000 1.000000 0.600000
8 0.500000 0.500000 1.000000 0.600000
8 0.500000 0.500000 1.000000 0.600000
8 0.500000 0.500000 1.000000 0.600000
8 0.500000 0.500000 1.000000 0.600000
8 0.500000 0.500000 1.000000 0.600000
8 0.500000 0.500000 1.000000 0.600000
8 0.500000 0.500000 1.000000 0.600000
8 0.500000 0.500000 1.000000 0.600000
8 0.500000 0.500000 1.000000 0.600000
0 0.500000 0.500000 0.504225 0.504348
0 0.500000 0.500000 0.504225 0.504348
0 0.500000 0.500000 0.504225 0.504348
0 0.500000 0.500000 0.504225 0.504348
0 0.500000 0.500000 0.504225 0.504348
0 0.500000 0.500000 0.504225 0.504348
0 0.500000 0.500000 0.504225 0.504348
0 0.500000 0.500000 0.504225 0.504348
0 0.500000 0.500000 0.504225 0.504348
0 0.500000 0.500000 0.504225 0.504348
0 0.500000 0.500000 0.504225 0.504348
0 0.500000 0.500000 0.504225 0.504348
