8 0.500000 0.498861 1.000000 0.601367
8 0.500000 0.498861 1.000000 0.601367
8 0.500000 0.498861 1.000000 0.601367
8 0.500000 0.498861 1.000000 0.601367
8 0.500000 0.498861 1.000000 0.601367
0 0.500000 0.498861 1.000000 0.601367
0 0.500000 0.498861 1.000000 0.601367
0 0.500000 0.498861 1.000000 0.601367
3 0.499218 0.149203 0.801252 0.298405
3 0.499218 0.149203 0.801252 0.298405
3 0.499218 0.149203 0.801252 0.298405
3 0.499218 0.149203 0.801252 0.298405
3 0.499218 0.149203 0.801252 0.298405
8 0.500000 0.498861 1.000000 0.601367
8 0.500000 0.498861 1.000000 0.601367
8 0.500000 0.498861 1.000000 0.601367
8 0.500000 0.498861 1.000000 0.601367
8 0.500000 0.498861 1.000000 0.601367
8 0.500000 0.498861 1.000000 0.601367
8 0.500000 0.498861 1.000000 0.601367
8 0.500000 0.498861 1.000000 0.601367
8 0.500000 0.498861 1.000000 0.601367
8 0.500000 0.498861 1.000000 0.601367
8 0.500000 0.498861 1.000000 0.601367
8 0.500000 0.498861 1.000000 0.601367
8 0.500000 0.498861 1.000000 0.601367
8 0.500000 0.498861 1.000000 0.601367
0 0.500000 0.500000 0.502347 0.503417
1 0.500000 0.500000 0.502347 0.503417
1 0.500000 0.500000 0.502347 0.503417
1 0.500000 0.500000 0.502347 0.503417
1 0.500000 0.500000 0.502347 0.503417
1 0.500000 0.500000 0.502347 0.503417
1 0.500000 0.500000 0.502347 0.503417
1 0.500000 0.500000 0.502347 0.503417
1 0.500000 0.500000 0.502347 0.503417
1 0.500000 0.500000 0.502347 0.503417
1 0.500000 0.500000 0.502347 0.503417
1 0.500000 0.500000 0.502347 0.503417
1 0.500000 0.500000 0.502347 0.503417
1 0.500000 0.500000 0.502347 0.503417
1 0.500000 0.500000 0.502347 0.503417
1 0.500000 0.500000 0.502347 0.503417
0 0.500000 0.500000 0.502347 0.503417
0 0.500000 0.500000 0.502347 0.503417
8 0.500000 0.498861 1.000000 0.601367
8 0.500000 0.498861 1.000000 0.601367
8 0.500000 0.498861 1.000000 0.601367
8 0.500000 0.498861 1.000000 0.601367
8 0.500000 0.498861 1.000000 0.601367
8 0.500000 0.498861 1.000000 0.601367
8 0.500000 0.498861 1.000000 0.601367
8 0.500000 0.498861 1.000000 0.601367
8 0.500000 0.498861 1.000000 0.601367
8 0.500000 0.498861 1.000000 0.601367
0 0.500000 0.500000 0.502347 0.503417
0 0.500000 0.500000 0.502347 0.503417
0 0.500000 0.500000 0.502347 0.503417
0 0.500000 0.500000 0.502347 0.503417
0 0.500000 0.500000 0.502347 0.503417
0 0.500000 0.500000 0.502347 0.503417
0 0.500000 0.500000 0.502347 0.503417
0 0.500000 0.500000 0.502347 0.503417
0 0.500000 0.500000 0.502347 0.503417
0 0.500000 0.500000 0.502347 0.503417
0 0.500000 0.500000 0.502347 0.503417
0 0.500000 0.500000 0.502347 0.503417
0 0.500000 0.500000 0.502347 0.503417
8 0.500000 0.498861 1.000000 0.601367
8 0.500000 0.498861 1.000000 0.601367
8 0.500000 0.498861 1.000000 0.601367
8 0.500000 0.498861 1.000000 0.601367
8 0.500000 0.498861 1.000000 0.601367
