0 0.500000 0.498982 1.000000 0.598778
0 0.500000 0.498982 1.000000 0.598778
0 0.500000 0.498982 1.000000 0.598778
0 0.500000 0.498982 1.000000 0.598778
0 0.500000 0.498982 1.000000 0.598778
0 0.500000 0.498982 1.000000 0.598778
0 0.500000 0.498982 1.000000 0.598778
0 0.500000 0.498982 1.000000 0.598778
0 0.500000 0.498982 1.000000 0.598778
8 0.500000 0.498982 1.000000 0.598778
8 0.500000 0.498982 1.000000 0.598778
8 0.500000 0.498982 1.000000 0.598778
8 0.500000 0.498982 1.000000 0.598778
8 0.500000 0.498982 1.000000 0.598778
8 0.500000 0.498982 1.000000 0.598778
8 0.500000 0.498982 1.000000 0.598778
8 0.500000 0.498982 1.000000 0.598778
8 0.500000 0.498982 1.000000 0.598778
8 0.500000 0.498982 1.000000 0.598778
8 0.500000 0.498982 1.000000 0.598778
8 0.500000 0.498982 1.000000 0.598778
8 0.500000 0.498982 1.000000 0.598778
8 0.500000 0.498982 1.000000 0.598778
8 0.500000 0.498982 1.000000 0.598778
8 0.500000 0.498982 1.000000 0.598778
8 0.500000 0.498982 1.000000 0.598778
8 0.500000 0.498982 1.000000 0.598778
8 0.500000 0.498982 1.000000 0.598778
8 0.500000 0.498982 1.000000 0.598778
8 0.500000 0.498982 1.000000 0.598778
8 0.500000 0.498982 1.000000 0.598778
8 0.500000 0.498982 1.000000 0.598778
8 0.500000 0.498982 1.000000 0.598778
0 0.500000 0.500000 0.500000 0.503055
0 0.500000 0.500000 0.500000 0.503055
0 0.500000 0.500000 0.500000 0.503055
0 0.500000 0.500000 0.500000 0.503055
0 0.500000 0.500000 0.500000 0.503055
0 0.500000 0.500000 0.500000 0.503055
0 0.500000 0.500000 0.500000 0.503055
0 0.500000 0.500000 0.500000 0.503055
0 0.500000 0.500000 0.500000 0.503055
0 0.500000 0.500000 0.500000 0.503055
8 0.500000 0.500000 0.500000 0.503055
8 0.500000 0.500000 0.500000 0.503055
8 0.500000 0.500000 0.500000 0.503055
0 0.500000 0.500000 0.500000 0.503055
0 0.500000 0.500000 0.500000 0.503055
0 0.500000 0.500000 0.500000 0.503055
0 0.500000 0.500000 0.500000 0.503055
0 0.500000 0.500000 0.500000 0.503055
0 0.500000 0.500000 0.500000 0.503055
0 0.500000 0.500000 0.500000 0.503055
0 0.500000 0.500000 0.500000 0.503055
0 0.500000 0.500000 0.500000 0.503055
0 0.500000 0.500000 0.500000 0.503055
0 0.500000 0.498982 1.000000 0.598778
0 0.500000 0.498982 1.000000 0.598778
0 0.500000 0.498982 1.000000 0.598778
0 0.500000 0.498982 1.000000 0.598778
0 0.500000 0.498982 1.000000 0.598778
0 0.500000 0.500000 0.500000 0.503055
0 0.500000 0.500000 0.500000 0.503055
0 0.500000 0.500000 0.500000 0.503055
0 0.500000 0.500000 0.500000 0.503055
0 0.500000 0.500000 0.500000 0.503055
0 0.500000 0.500000 0.500000 0.503055
0 0.500000 0.500000 0.500000 0.503055
