0 0.500000 0.500000 1.000000 0.600000
0 0.500000 0.500000 1.000000 0.600000
0 0.500000 0.500000 1.000000 0.600000
0 0.500000 0.500000 1.000000 0.600000
0 0.500000 0.500000 1.000000 0.600000
0 0.500000 0.500000 1.000000 0.600000
8 0.500000 0.500000 1.000000 0.600000
8 0.500000 0.500000 1.000000 0.600000
8 0.500000 0.500000 1.000000 0.600000
8 0.500000 0.500000 1.000000 0.600000
8 0.500000 0.500000 1.000000 0.600000
8 0.500000 0.500000 1.000000 0.600000
8 0.500000 0.500000 1.000000 0.600000
8 0.500000 0.500000 1.000000 0.600000
0 0.500000 0.500000 0.501199 0.501538
0 0.500000 0.500000 0.501199 0.501538
0 0.500000 0.500000 0.501199 0.501538
0 0.500000 0.500000 0.501199 0.501538
0 0.500000 0.500000 0.501199 0.501538
8 0.500000 0.500000 1.000000 0.600000
8 0.500000 0.500000 1.000000 0.600000
8 0.500000 0.500000 1.000000 0.600000
8 0.500000 0.500000 1.000000 0.600000
8 0.500000 0.500000 1.000000 0.600000
0 0.500000 0.500000 0.501199 0.501538
0 0.500000 0.500000 0.501199 0.501538
0 0.500000 0.500000 0.501199 0.501538
0 0.500000 0.500000 0.501199 0.501538
0 0.500000 0.500000 0.501199 0.501538
0 0.500000 0.500000 0.501199 0.501538
8 0.500000 0.500000 1.000000 0.600000
8 0.500000 0.500000 1.000000 0.600000
8 0.500000 0.500000 1.000000 0.600000
8 0.500000 0.500000 1.000000 0.600000
8 0.500000 0.500000 1.000000 0.600000
8 0.500000 0.500000 1.000000 0.600000
8 0.500000 0.500000 1.000000 0.600000
8 0.500000 0.500000 1.000000 0.600000
8 0.500000 0.500000 1.000000 0.600000
8 0.500000 0.500000 1.000000 0.600000
8 0.500000 0.500000 1.000000 0.600000
8 0.500000 0.500000 1.000000 0.600000
8 0.500000 0.500000 1.000000 0.600000
8 0.500000 0.500000 1.000000 0.600000
8 0.500000 0.500000 1.000000 0.600000
8 0.500000 0.500000 1.000000 0.600000
8 0.500000 0.500000 1.000000 0.600000
8 0.500000 0.500000 1.000000 0.600000
8 0.500000 0.500000 1.000000 0.600000
8 0.500000 0.500000 1.000000 0.600000
8 0.500000 0.500000 1.000000 0.600000
8 0.500000 0.500000 1.000000 0.600000
0 0.500000 0.500000 1.000000 0.600000
0 0.500000 0.500000 1.000000 0.600000
0 0.500000 0.500000 1.000000 0.600000
0 0.500000 0.500000 1.000000 0.600000
8 0.500000 0.500000 1.000000 0.600000
8 0.500000 0.500000 1.000000 0.600000
8 0.500000 0.500000 1.000000 0.600000
8 0.500000 0.500000 1.000000 0.600000
8 0.500000 0.500000 1.000000 0.600000
8 0.500000 0.500000 1.000000 0.600000
8 0.500000 0.500000 1.000000 0.600000
8 0.500000 0.500000 1.000000 0.600000
0 0.500000 0.500000 1.000000 0.600000
0 0.500000 0.500000 1.000000 0.600000
0 0.500000 0.500000 1.000000 0.600000
0 0.500000 0.500000 1.000000 0.600000
0 0.500000 0.500000 1.000000 0.600000
0 0.500000 0.500000 1.000000 0.600000
0 0.500000 0.500000 1.000000 0.600000
0 0.500000 0.500000 0.501199 0.501538
0 0.500000 0.500000 0.501199 0.501538
0 0.500000 0.500000 0.501199 0.501538
0 0.500000 0.500000 0.501199 0.501538
0 0.500000 0.500000 0.501199 0.501538
0 0.500000 0.500000 0.501199 0.501538
0 0.500000 0.500000 0.501199 0.501538
0 0.500000 0.500000 0.501199 0.501538
0 0.500000 0.500000 0.501199 0.501538
0 0.500000 0.500000 0.501199 0.501538
0 0.500000 0.500000 0.501199 0.501538
