0 0.500000 0.497942 1.000000 0.600823
0 0.500000 0.497942 1.000000 0.600823
0 0.500000 0.497942 1.000000 0.600823
0 0.500000 0.497942 1.000000 0.600823
0 0.500000 0.497942 1.000000 0.600823
0 0.500000 0.497942 1.000000 0.600823
0 0.500000 0.500000 0.500000 0.506173
0 0.500000 0.500000 0.500000 0.506173
0 0.500000 0.500000 0.500000 0.506173
0 0.500000 0.500000 0.500000 0.506173
0 0.500000 0.500000 0.500000 0.506173
8 0.500000 0.497942 1.000000 0.600823
8 0.500000 0.497942 1.000000 0.600823
8 0.500000 0.497942 1.000000 0.600823
8 0.500000 0.497942 1.000000 0.600823
8 0.500000 0.497942 1.000000 0.600823
0 0.500000 0.497942 1.000000 0.600823
0 0.500000 0.497942 1.000000 0.600823
0 0.500000 0.497942 1.000000 0.600823
0 0.500000 0.497942 1.000000 0.600823
0 0.500000 0.497942 1.000000 0.600823
0 0.500000 0.497942 1.000000 0.600823
0 0.500000 0.497942 1.000000 0.600823
0 0.500000 0.497942 1.000000 0.600823
0 0.500000 0.500000 0.500000 0.506173
0 0.500000 0.500000 0.500000 0.506173
0 0.500000 0.500000 0.500000 0.506173
0 0.500000 0.500000 0.500000 0.506173
0 0.500000 0.500000 0.500000 0.506173
0 0.500000 0.497942 1.000000 0.600823
0 0.500000 0.497942 1.000000 0.600823
0 0.500000 0.497942 1.000000 0.600823
0 0.500000 0.497942 1.000000 0.600823
0 0.500000 0.497942 1.000000 0.600823
0 0.500000 0.497942 1.000000 0.600823
0 0.500000 0.497942 1.000000 0.600823
0 0.500000 0.497942 1.000000 0.600823
0 0.500000 0.497942 1.000000 0.600823
0 0.500000 0.497942 1.000000 0.600823
0 0.500000 0.497942 1.000000 0.600823
0 0.500000 0.497942 1.000000 0.600823
0 0.500000 0.497942 1.000000 0.600823
0 0.500000 0.497942 1.000000 0.600823
0 0.500000 0.497942 1.000000 0.600823
0 0.500000 0.497942 1.000000 0.600823
0 0.500000 0.497942 1.000000 0.600823
3 0.500000 0.500000 0.500000 0.506173
3 0.500000 0.500000 0.500000 0.506173
3 0.500000 0.500000 0.500000 0.506173
3 0.500000 0.500000 0.500000 0.506173
0 0.500000 0.500000 0.500000 0.506173
0 0.500000 0.500000 0.500000 0.506173
0 0.500000 0.500000 0.500000 0.506173
0 0.500000 0.500000 0.500000 0.506173
0 0.500000 0.500000 0.500000 0.506173
0 0.500000 0.500000 0.500000 0.506173
0 0.500000 0.500000 0.500000 0.506173
0 0.500000 0.500000 0.500000 0.506173
0 0.500000 0.500000 0.500000 0.506173
0 0.500000 0.500000 0.500000 0.506173
0 0.500000 0.500000 0.500000 0.506173
0 0.500000 0.500000 0.500000 0.506173
0 0.500000 0.500000 0.500000 0.506173
0 0.500000 0.500000 0.500000 0.506173
0 0.500000 0.500000 0.500000 0.506173
0 0.500000 0.500000 0.500000 0.506173
0 0.500000 0.500000 0.500000 0.506173
0 0.500000 0.500000 0.500000 0.506173
0 0.500000 0.500000 0.500000 0.506173
0 0.500000 0.500000 0.500000 0.506173
0 0.500000 0.500000 0.500000 0.506173
