0 0.500000 0.500000 0.500000 0.500000
0 0.500000 0.500000 0.500000 0.500000
0 0.500000 0.500000 0.500000 0.500000
0 0.500000 0.500000 0.500000 0.500000
0 0.500000 0.500000 0.500000 0.500000
3 0.499204 0.149510 0.800955 0.299020
3 0.499204 0.149510 0.800955 0.299020
3 0.499204 0.149510 0.800955 0.299020
3 0.499204 0.149510 0.800955 0.299020
3 0.499204 0.149510 0.800955 0.299020
3 0.499204 0.149510 0.800955 0.299020
0 0.500000 0.498775 1.000000 0.600490
0 0.500000 0.498775 1.000000 0.600490
0 0.500000 0.498775 1.000000 0.600490
0 0.500000 0.498775 1.000000 0.600490
0 0.500000 0.500000 0.500000 0.500000
0 0.500000 0.498775 1.000000 0.600490
0 0.500000 0.500000 0.500000 0.500000
0 0.500000 0.500000 0.500000 0.500000
0 0.500000 0.500000 0.500000 0.500000
0 0.500000 0.500000 0.500000 0.500000
0 0.500000 0.500000 0.500000 0.500000
0 0.500000 0.500000 0.500000 0.500000
0 0.500000 0.500000 0.500000 0.500000
0 0.500000 0.500000 0.500000 0.500000
0 0.500000 0.500000 0.500000 0.500000
0 0.500000 0.500000 0.500000 0.500000
0 0.500000 0.500000 0.500000 0.500000
0 0.500000 0.500000 0.500000 0.500000
0 0.500000 0.500000 0.500000 0.500000
0 0.500000 0.500000 0.500000 0.500000
0 0.500000 0.500000 0.500000 0.500000
0 0.500000 0.500000 0.500000 0.500000
0 0.500000 0.500000 0.500000 0.500000
0 0.500000 0.500000 0.500000 0.500000
0 0.500000 0.500000 0.500000 0.500000
0 0.500000 0.500000 0.500000 0.500000
0 0.500000 0.500000 0.500000 0.500000
0 0.500000 0.500000 0.500000 0.500000
0 0.500000 0.500000 0.500000 0.500000
0 0.500000 0.500000 0.500000 0.500000
0 0.500000 0.500000 0.500000 0.500000
0 0.500000 0.500000 0.500000 0.500000
0 0.500000 0.500000 0.500000 0.500000
0 0.500000 0.500000 0.500000 0.500000
0 0.500000 0.500000 0.500000 0.500000
0 0.500000 0.500000 0.500000 0.500000
0 0.500000 0.498775 1.000000 0.600490
0 0.500000 0.498775 1.000000 0.600490
0 0.500000 0.498775 1.000000 0.600490
0 0.500000 0.498775 1.000000 0.600490
0 0.500000 0.498775 1.000000 0.600490
0 0.500000 0.498775 1.000000 0.600490
0 0.500000 0.498775 1.000000 0.600490
0 0.500000 0.498775 1.000000 0.600490
0 0.500000 0.498775 1.000000 0.600490
0 0.500000 0.498775 1.000000 0.600490
0 0.500000 0.498775 1.000000 0.600490
0 0.500000 0.500000 0.500000 0.500000
0 0.500000 0.500000 0.500000 0.500000
0 0.500000 0.500000 0.500000 0.500000
0 0.500000 0.500000 0.500000 0.500000
0 0.500000 0.500000 0.500000 0.500000
0 0.500000 0.500000 0.500000 0.500000
0 0.500000 0.500000 0.500000 0.500000
0 0.500000 0.500000 0.500000 0.500000
0 0.500000 0.500000 0.500000 0.500000
0 0.500000 0.500000 0.500000 0.500000
0 0.500000 0.500000 0.500000 0.500000
0 0.500000 0.500000 0.500000 0.500000
