0 0.500000 0.499176 1.000000 0.599671
0 0.500000 0.499176 1.000000 0.599671
0 0.500000 0.499176 1.000000 0.599671
0 0.500000 0.499176 1.000000 0.599671
0 0.500000 0.499176 1.000000 0.599671
8 0.500000 0.499176 1.000000 0.599671
8 0.500000 0.499176 1.000000 0.599671
8 0.500000 0.499176 1.000000 0.599671
8 0.500000 0.499176 1.000000 0.599671
8 0.500000 0.499176 1.000000 0.599671
0 0.500000 0.499176 1.000000 0.599671
0 0.500000 0.499176 1.000000 0.599671
0 0.500000 0.499176 1.000000 0.599671
0 0.500000 0.499176 1.000000 0.599671
0 0.500000 0.499176 1.000000 0.599671
0 0.500000 0.499176 1.000000 0.599671
0 0.500000 0.499176 1.000000 0.599671
0 0.500000 0.499176 1.000000 0.599671
0 0.500000 0.499176 1.000000 0.599671
0 0.500000 0.499176 1.000000 0.599671
0 0.500000 0.499176 1.000000 0.599671
0 0.500000 0.499176 1.000000 0.599671
0 0.500000 0.499176 1.000000 0.599671
0 0.500000 0.499176 1.000000 0.599671
0 0.500000 0.499176 1.000000 0.599671
0 0.500000 0.499176 1.000000 0.599671
0 0.500000 0.499176 1.000000 0.599671
0 0.500000 0.499176 1.000000 0.599671
0 0.500000 0.499176 1.000000 0.599671
0 0.500000 0.499176 1.000000 0.599671
0 0.500000 0.499176 1.000000 0.599671
0 0.500000 0.499176 1.000000 0.599671
0 0.500000 0.499176 1.000000 0.599671
0 0.500000 0.499176 1.000000 0.599671
0 0.500000 0.500000 0.500000 0.502471
0 0.500000 0.500000 0.500000 0.502471
0 0.500000 0.500000 0.500000 0.502471
0 0.500000 0.500000 0.500000 0.502471
0 0.500000 0.500000 0.500000 0.502471
0 0.500000 0.500000 0.500000 0.502471
0 0.500000 0.500000 0.500000 0.502471
0 0.500000 0.500000 0.500000 0.502471
0 0.500000 0.500000 0.500000 0.502471
0 0.500000 0.500000 0.500000 0.502471
0 0.500000 0.500000 0.500000 0.502471
0 0.500000 0.500000 0.500000 0.502471
0 0.500000 0.500000 0.500000 0.502471
0 0.500000 0.500000 0.500000 0.502471
0 0.500000 0.500000 0.500000 0.502471
0 0.500000 0.500000 0.500000 0.502471
0 0.500000 0.500000 0.500000 0.502471
0 0.500000 0.500000 0.500000 0.502471
0 0.500000 0.500000 0.500000 0.502471
0 0.500000 0.500000 0.500000 0.502471
0 0.500000 0.500000 0.500000 0.502471
0 0.500000 0.500000 0.500000 0.502471
0 0.500000 0.500000 0.500000 0.502471
0 0.500000 0.500000 0.500000 0.502471
0 0.500000 0.500000 0.500000 0.502471
0 0.500000 0.500000 0.500000 0.502471
0 0.500000 0.500000 0.500000 0.502471
0 0.500000 0.500000 0.500000 0.502471
0 0.500000 0.500000 0.500000 0.502471
0 0.500000 0.500000 0.500000 0.502471
0 0.500000 0.500000 0.500000 0.502471
0 0.500000 0.500000 0.500000 0.502471
0 0.500000 0.500000 0.500000 0.502471
0 0.500000 0.500000 0.500000 0.502471
0 0.500000 0.500000 0.500000 0.502471
0 0.500000 0.500000 0.500000 0.502471
0 0.500000 0.500000 0.500000 0.502471
0 0.500000 0.500000 0.500000 0.502471
0 0.500000 0.500000 0.500000 0.502471
0 0.500000 0.500000 0.500000 0.502471
0 0.500000 0.500000 0.500000 0.502471
0 0.500000 0.499176 1.000000 0.599671
0 0.500000 0.499176 1.000000 0.599671
0 0.500000 0.499176 1.000000 0.599671
0 0.500000 0.499176 1.000000 0.599671
0 0.500000 0.499176 1.000000 0.599671
