4 0.500000 0.499567 0.600000 0.400000
4 0.500000 0.499567 0.600000 0.400000
4 0.500000 0.499567 0.600000 0.400000
8 0.500000 0.500000 1.000000 0.600000
8 0.500000 0.500000 1.000000 0.600000
8 0.500000 0.500000 1.000000 0.600000
8 0.500000 0.500000 1.000000 0.600000
8 0.500000 0.500000 1.000000 0.600000
8 0.500000 0.500000 1.000000 0.600000
0 0.500000 0.500000 0.500000 0.501299
0 0.500000 0.500000 0.500000 0.501299
0 0.500000 0.500000 0.500000 0.501299
0 0.500000 0.500000 0.500000 0.501299
0 0.500000 0.500000 0.500000 0.501299
0 0.500000 0.500000 0.500000 0.501299
0 0.500000 0.500000 0.500000 0.501299
0 0.500000 0.500000 0.500000 0.501299
0 0.500000 0.500000 0.500000 0.501299
0 0.500000 0.500000 0.500000 0.501299
0 0.500000 0.500000 0.500000 0.501299
0 0.500000 0.500000 0.500000 0.501299
0 0.500000 0.499567 0.600000 0.400000
0 0.500000 0.499567 0.600000 0.400000
0 0.500000 0.499567 0.600000 0.400000
0 0.500000 0.500000 1.000000 0.600000
0 0.500000 0.500000 1.000000 0.600000
0 0.500000 0.500000 1.000000 0.600000
0 0.500000 0.500000 1.000000 0.600000
0 0.500000 0.500000 1.000000 0.600000
0 0.500000 0.500000 1.000000 0.600000
0 0.500000 0.499567 0.600000 0.400000
0 0.500000 0.499567 0.600000 0.400000
0 0.500000 0.499567 0.600000 0.400000
0 0.500000 0.499567 0.600000 0.400000
0 0.500000 0.500000 0.500000 0.501299
0 0.500000 0.500000 0.500000 0.501299
0 0.500000 0.500000 0.500000 0.501299
0 0.500000 0.500000 0.500000 0.501299
0 0.500000 0.500000 0.500000 0.501299
0 0.500000 0.500000 0.500000 0.501299
0 0.500000 0.500000 1.000000 0.600000
0 0.500000 0.500000 1.000000 0.600000
0 0.500000 0.500000 1.000000 0.600000
0 0.500000 0.500000 1.000000 0.600000
0 0.500000 0.500000 1.000000 0.600000
0 0.500000 0.500000 1.000000 0.600000
0 0.500000 0.500000 1.000000 0.600000
0 0.500000 0.500000 1.000000 0.600000
0 0.500000 0.500000 1.000000 0.600000
0 0.500000 0.500000 1.000000 0.600000
0 0.500000 0.500000 1.000000 0.600000
0 0.500000 0.500000 1.000000 0.600000
0 0.500000 0.500000 1.000000 0.600000
0 0.500000 0.500000 1.000000 0.600000
0 0.500000 0.500000 1.000000 0.600000
0 0.500000 0.500000 1.000000 0.600000
0 0.500000 0.500000 0.500000 0.501299
0 0.500000 0.500000 0.500000 0.501299
0 0.500000 0.500000 0.500000 0.501299
0 0.500000 0.500000 0.500000 0.501299
0 0.500000 0.500000 0.500000 0.501299
0 0.500000 0.500000 1.000000 0.600000
0 0.500000 0.500000 1.000000 0.600000
0 0.500000 0.500000 1.000000 0.600000
0 0.500000 0.500000 1.000000 0.600000
0 0.500000 0.500000 1.000000 0.600000
0 0.500000 0.500000 1.000000 0.600000
0 0.500000 0.500000 1.000000 0.600000
0 0.500000 0.500000 0.500000 0.501299
0 0.500000 0.500000 0.500000 0.501299
0 0.500000 0.500000 0.500000 0.501299
0 0.500000 0.500000 0.500000 0.501299
0 0.500000 0.500000 0.500000 0.501299
