4 0.500000 0.496988 0.600000 0.403614
4 0.500000 0.496988 0.600000 0.403614
4 0.500000 0.496988 0.600000 0.403614
3 0.500000 0.147590 0.800000 0.295181
3 0.500000 0.147590 0.800000 0.295181
3 0.500000 0.147590 0.800000 0.295181
3 0.500000 0.147590 0.800000 0.295181
3 0.500000 0.147590 0.800000 0.295181
0 0.500000 0.500000 0.504000 0.506024
0 0.500000 0.500000 0.504000 0.506024
0 0.500000 0.500000 0.504000 0.506024
0 0.500000 0.500000 0.504000 0.506024
0 0.500000 0.500000 0.504000 0.506024
0 0.500000 0.500000 0.504000 0.506024
0 0.500000 0.500000 0.504000 0.506024
0 0.500000 0.500000 0.504000 0.506024
0 0.500000 0.500000 0.504000 0.506024
0 0.500000 0.500000 0.504000 0.506024
0 0.500000 0.500000 0.504000 0.506024
0 0.500000 0.500000 0.504000 0.506024
0 0.500000 0.500000 0.504000 0.506024
0 0.500000 0.500000 0.504000 0.506024
0 0.500000 0.500000 0.504000 0.506024
0 0.500000 0.500000 0.504000 0.506024
0 0.500000 0.500000 0.504000 0.506024
0 0.500000 0.500000 0.504000 0.506024
0 0.500000 0.500000 0.504000 0.506024
0 0.500000 0.500000 0.504000 0.506024
0 0.500000 0.500000 0.504000 0.506024
0 0.500000 0.500000 0.504000 0.506024
0 0.500000 0.500000 0.504000 0.506024
0 0.500000 0.500000 0.504000 0.506024
0 0.500000 0.500000 0.504000 0.506024
0 0.500000 0.500000 0.504000 0.506024
0 0.500000 0.500000 0.504000 0.506024
0 0.500000 0.500000 0.504000 0.506024
0 0.500000 0.500000 0.504000 0.506024
0 0.500000 0.500000 0.504000 0.506024
0 0.500000 0.500000 0.504000 0.506024
0 0.500000 0.500000 0.504000 0.506024
0 0.500000 0.500000 0.504000 0.506024
0 0.500000 0.500000 0.504000 0.506024
0 0.500000 0.500000 0.504000 0.506024
0 0.500000 0.500000 0.504000 0.506024
0 0.500000 0.500000 0.504000 0.506024
0 0.500000 0.500000 0.504000 0.506024
0 0.500000 0.500000 0.504000 0.506024
0 0.500000 0.500000 0.504000 0.506024
0 0.500000 0.500000 0.504000 0.506024
0 0.500000 0.500000 0.504000 0.506024
0 0.500000 0.500000 0.504000 0.506024
0 0.500000 0.500000 0.504000 0.506024
0 0.500000 0.500000 0.504000 0.506024
0 0.500000 0.500000 0.504000 0.506024
0 0.500000 0.500000 0.504000 0.506024
0 0.500000 0.500000 0.504000 0.506024
0 0.500000 0.500000 0.504000 0.506024
0 0.500000 0.500000 0.504000 0.506024
0 0.500000 0.500000 0.504000 0.506024
0 0.500000 0.500000 0.504000 0.506024
0 0.500000 0.500000 0.504000 0.506024
0 0.500000 0.500000 0.504000 0.506024
0 0.500000 0.500000 0.504000 0.506024
0 0.500000 0.500000 0.504000 0.506024
0 0.500000 0.500000 0.504000 0.506024
0 0.500000 0.500000 0.504000 0.506024
0 0.500000 0.500000 0.504000 0.506024
0 0.500000 0.500000 0.504000 0.506024
0 0.500000 0.500000 0.504000 0.506024
0 0.500000 0.500000 0.504000 0.506024
0 0.500000 0.500000 0.504000 0.506024
0 0.500000 0.500000 0.504000 0.506024
0 0.500000 0.500000 0.504000 0.506024
0 0.500000 0.500000 0.504000 0.506024
0 0.500000 0.500000 0.504000 0.506024
0 0.500000 0.500000 0.504000 0.506024
0 0.500000 0.500000 0.504000 0.506024
0 0.500000 0.500000 0.504000 0.506024
