4 0.500000 0.498555 0.600000 0.401734
4 0.500000 0.498555 0.600000 0.401734
4 0.500000 0.498555 0.600000 0.401734
8 0.500000 0.498555 1.000000 0.598266
8 0.500000 0.498555 1.000000 0.598266
8 0.500000 0.498555 1.000000 0.598266
8 0.500000 0.498555 1.000000 0.598266
8 0.500000 0.498555 1.000000 0.598266
0 0.500000 0.498555 1.000000 0.598266
0 0.500000 0.498555 1.000000 0.598266
0 0.500000 0.498555 1.000000 0.598266
0 0.500000 0.498555 1.000000 0.598266
0 0.500000 0.498555 1.000000 0.598266
0 0.500000 0.500000 0.500000 0.502890
0 0.500000 0.500000 0.500000 0.502890
0 0.500000 0.500000 0.500000 0.502890
0 0.500000 0.500000 0.500000 0.502890
0 0.500000 0.500000 0.500000 0.502890
0 0.500000 0.500000 0.500000 0.502890
0 0.500000 0.500000 0.500000 0.502890
0 0.500000 0.500000 0.500000 0.502890
0 0.500000 0.500000 0.500000 0.502890
0 0.500000 0.500000 0.500000 0.502890
0 0.500000 0.500000 0.500000 0.502890
0 0.500000 0.498555 1.000000 0.598266
0 0.500000 0.498555 1.000000 0.598266
0 0.500000 0.498555 1.000000 0.598266
0 0.500000 0.498555 1.000000 0.598266
0 0.500000 0.498555 1.000000 0.598266
0 0.500000 0.498555 1.000000 0.598266
0 0.500000 0.498555 1.000000 0.598266
0 0.500000 0.498555 1.000000 0.598266
0 0.500000 0.498555 1.000000 0.598266
0 0.500000 0.498555 1.000000 0.598266
0 0.500000 0.498555 1.000000 0.598266
0 0.500000 0.498555 1.000000 0.598266
0 0.500000 0.500000 0.500000 0.502890
0 0.500000 0.500000 0.500000 0.502890
0 0.500000 0.500000 0.500000 0.502890
0 0.500000 0.500000 0.500000 0.502890
0 0.500000 0.500000 0.500000 0.502890
0 0.500000 0.500000 0.500000 0.502890
0 0.500000 0.500000 0.500000 0.502890
0 0.500000 0.500000 0.500000 0.502890
0 0.500000 0.500000 0.500000 0.502890
0 0.500000 0.500000 0.500000 0.502890
0 0.500000 0.500000 0.500000 0.502890
0 0.500000 0.500000 0.500000 0.502890
0 0.500000 0.500000 0.500000 0.502890
0 0.500000 0.500000 0.500000 0.502890
0 0.500000 0.500000 0.500000 0.502890
0 0.500000 0.500000 0.500000 0.502890
0 0.500000 0.500000 0.500000 0.502890
0 0.500000 0.500000 0.500000 0.502890
0 0.500000 0.500000 0.500000 0.502890
0 0.500000 0.500000 0.500000 0.502890
0 0.500000 0.500000 0.500000 0.502890
0 0.500000 0.500000 0.500000 0.502890
0 0.500000 0.500000 0.500000 0.502890
0 0.500000 0.500000 0.500000 0.502890
0 0.500000 0.500000 0.500000 0.502890
0 0.500000 0.500000 0.500000 0.502890
0 0.500000 0.500000 0.500000 0.502890
0 0.500000 0.500000 0.500000 0.502890
0 0.500000 0.500000 0.500000 0.502890
0 0.500000 0.500000 0.500000 0.502890
0 0.500000 0.500000 0.500000 0.502890
0 0.500000 0.500000 0.500000 0.502890
0 0.500000 0.500000 0.500000 0.502890
0 0.500000 0.500000 0.500000 0.502890
0 0.500000 0.500000 0.500000 0.502890
0 0.500000 0.500000 0.500000 0.502890
0 0.500000 0.500000 0.500000 0.502890
0 0.500000 0.500000 0.500000 0.502890
0 0.500000 0.500000 0.500000 0.502890
0 0.500000 0.500000 0.500000 0.502890
0 0.500000 0.500000 0.500000 0.502890
0 0.500000 0.500000 0.500000 0.502890
0 0.500000 0.500000 0.500000 0.502890
0 0.500000 0.500000 0.500000 0.502890
