4 0.499341 0.498904 0.600791 0.401316
4 0.499341 0.498904 0.600791 0.401316
4 0.499341 0.498904 0.600791 0.401316
8 0.500000 0.498904 1.000000 0.598684
8 0.500000 0.498904 1.000000 0.598684
8 0.500000 0.498904 1.000000 0.598684
8 0.500000 0.498904 1.000000 0.598684
8 0.500000 0.498904 1.000000 0.598684
0 0.500000 0.500000 0.501976 0.500000
0 0.500000 0.500000 0.501976 0.500000
0 0.500000 0.500000 0.501976 0.500000
0 0.500000 0.500000 0.501976 0.500000
0 0.500000 0.500000 0.501976 0.500000
0 0.500000 0.500000 0.501976 0.500000
0 0.500000 0.500000 0.501976 0.500000
0 0.500000 0.500000 0.501976 0.500000
0 0.500000 0.500000 0.501976 0.500000
0 0.500000 0.500000 0.501976 0.500000
0 0.500000 0.500000 0.501976 0.500000
0 0.500000 0.500000 0.501976 0.500000
0 0.500000 0.500000 0.501976 0.500000
0 0.500000 0.500000 0.501976 0.500000
0 0.500000 0.500000 0.501976 0.500000
0 0.500000 0.500000 0.501976 0.500000
0 0.500000 0.500000 0.501976 0.500000
0 0.500000 0.500000 0.501976 0.500000
0 0.500000 0.500000 0.501976 0.500000
0 0.500000 0.500000 0.501976 0.500000
0 0.500000 0.500000 0.501976 0.500000
0 0.500000 0.500000 0.501976 0.500000
0 0.500000 0.500000 0.501976 0.500000
0 0.500000 0.500000 0.501976 0.500000
0 0.500000 0.500000 0.501976 0.500000
0 0.500000 0.500000 0.501976 0.500000
0 0.500000 0.500000 0.501976 0.500000
0 0.500000 0.500000 0.501976 0.500000
0 0.500000 0.500000 0.501976 0.500000
0 0.500000 0.500000 0.501976 0.500000
0 0.500000 0.500000 0.501976 0.500000
0 0.500000 0.500000 0.501976 0.500000
0 0.500000 0.500000 0.501976 0.500000
0 0.500000 0.500000 0.501976 0.500000
0 0.500000 0.500000 0.501976 0.500000
0 0.500000 0.500000 0.501976 0.500000
0 0.500000 0.500000 0.501976 0.500000
0 0.500000 0.500000 0.501976 0.500000
0 0.500000 0.500000 0.501976 0.500000
0 0.500000 0.500000 0.501976 0.500000
0 0.500000 0.500000 0.501976 0.500000
0 0.500000 0.500000 0.501976 0.500000
0 0.500000 0.500000 0.501976 0.500000
0 0.500000 0.500000 0.501976 0.500000
0 0.500000 0.500000 0.501976 0.500000
0 0.500000 0.498904 1.000000 0.598684
0 0.500000 0.498904 1.000000 0.598684
0 0.500000 0.498904 1.000000 0.598684
0 0.500000 0.498904 1.000000 0.598684
0 0.500000 0.498904 1.000000 0.598684
0 0.500000 0.498904 1.000000 0.598684
0 0.500000 0.498904 1.000000 0.598684
0 0.500000 0.498904 1.000000 0.598684
0 0.500000 0.498904 1.000000 0.598684
0 0.500000 0.498904 1.000000 0.598684
0 0.500000 0.498904 1.000000 0.598684
0 0.500000 0.498904 1.000000 0.598684
0 0.500000 0.498904 1.000000 0.598684
0 0.500000 0.498904 1.000000 0.598684
0 0.500000 0.498904 1.000000 0.598684
0 0.500000 0.498904 1.000000 0.598684
0 0.500000 0.498904 1.000000 0.598684
0 0.500000 0.498904 1.000000 0.598684
0 0.500000 0.498904 1.000000 0.598684
0 0.500000 0.498904 1.000000 0.598684
