8 0.500000 0.498998 1.000000 0.601202
8 0.500000 0.498998 1.000000 0.601202
8 0.500000 0.498998 1.000000 0.601202
8 0.500000 0.498998 1.000000 0.601202
8 0.500000 0.498998 1.000000 0.601202
8 0.500000 0.498998 1.000000 0.601202
8 0.500000 0.498998 1.000000 0.601202
8 0.500000 0.498998 1.000000 0.601202
8 0.500000 0.498998 1.000000 0.601202
8 0.500000 0.498998 1.000000 0.601202
0 0.500000 0.500000 0.503614 0.503006
0 0.500000 0.500000 0.503614 0.503006
0 0.500000 0.500000 0.503614 0.503006
0 0.500000 0.500000 0.503614 0.503006
0 0.500000 0.500000 0.503614 0.503006
0 0.500000 0.500000 0.503614 0.503006
0 0.500000 0.500000 0.503614 0.503006
0 0.500000 0.500000 0.503614 0.503006
0 0.500000 0.500000 0.503614 0.503006
0 0.500000 0.500000 0.503614 0.503006
0 0.500000 0.500000 0.503614 0.503006
0 0.500000 0.500000 0.503614 0.503006
0 0.500000 0.500000 0.503614 0.503006
0 0.500000 0.500000 0.503614 0.503006
0 0.500000 0.500000 0.503614 0.503006
0 0.500000 0.500000 0.503614 0.503006
0 0.500000 0.500000 0.503614 0.503006
0 0.500000 0.500000 0.503614 0.503006
0 0.500000 0.500000 0.503614 0.503006
0 0.500000 0.500000 0.503614 0.503006
0 0.500000 0.500000 0.503614 0.503006
0 0.500000 0.500000 0.503614 0.503006
0 0.500000 0.500000 0.503614 0.503006
0 0.500000 0.500000 0.503614 0.503006
0 0.500000 0.500000 0.503614 0.503006
0 0.500000 0.500000 0.503614 0.503006
0 0.500000 0.500000 0.503614 0.503006
0 0.500000 0.500000 0.503614 0.503006
0 0.500000 0.500000 0.503614 0.503006
0 0.500000 0.500000 0.503614 0.503006
0 0.500000 0.500000 0.503614 0.503006
0 0.500000 0.500000 0.503614 0.503006
0 0.500000 0.500000 0.503614 0.503006
0 0.500000 0.500000 0.503614 0.503006
0 0.500000 0.500000 0.503614 0.503006
0 0.500000 0.500000 0.503614 0.503006
0 0.500000 0.500000 0.503614 0.503006
0 0.500000 0.500000 0.503614 0.503006
0 0.500000 0.500000 0.503614 0.503006
0 0.500000 0.500000 0.503614 0.503006
0 0.500000 0.500000 0.503614 0.503006
0 0.500000 0.500000 0.503614 0.503006
0 0.500000 0.500000 0.503614 0.503006
0 0.500000 0.500000 0.503614 0.503006
0 0.500000 0.500000 0.503614 0.503006
0 0.500000 0.500000 0.503614 0.503006
0 0.500000 0.500000 0.503614 0.503006
0 0.500000 0.500000 0.503614 0.503006
0 0.500000 0.500000 0.503614 0.503006
0 0.500000 0.500000 0.503614 0.503006
0 0.500000 0.500000 0.503614 0.503006
0 0.500000 0.500000 0.503614 0.503006
0 0.500000 0.500000 0.503614 0.503006
0 0.500000 0.500000 0.503614 0.503006
0 0.500000 0.500000 0.503614 0.503006
0 0.500000 0.500000 0.503614 0.503006
0 0.500000 0.500000 0.503614 0.503006
0 0.500000 0.500000 0.503614 0.503006
0 0.500000 0.500000 0.503614 0.503006
0 0.500000 0.500000 0.503614 0.503006
0 0.500000 0.500000 0.503614 0.503006
0 0.500000 0.498998 1.000000 0.601202
0 0.500000 0.498998 1.000000 0.601202
0 0.500000 0.498998 1.000000 0.601202
0 0.500000 0.498998 1.000000 0.601202
0 0.500000 0.498998 1.000000 0.601202
0 0.500000 0.498998 1.000000 0.601202
