0 0.500000 0.500000 0.501035 0.500000
0 0.500000 0.500000 0.501035 0.500000
0 0.500000 0.500000 0.501035 0.500000
0 0.500000 0.500000 0.501035 0.500000
0 0.500000 0.500000 0.501035 0.500000
1 0.500000 0.500000 0.501035 0.500000
1 0.500000 0.500000 0.501035 0.500000
1 0.500000 0.500000 0.501035 0.500000
1 0.500000 0.500000 0.501035 0.500000
1 0.500000 0.500000 0.501035 0.500000
1 0.500000 0.500000 0.501035 0.500000
0 0.500000 0.500000 0.501035 0.500000
0 0.500000 0.500000 0.501035 0.500000
0 0.500000 0.500000 0.501035 0.500000
0 0.500000 0.500000 0.501035 0.500000
0 0.500000 0.500000 0.501035 0.500000
0 0.500000 0.500000 0.501035 0.500000
0 0.500000 0.500000 0.501035 0.500000
0 0.500000 0.500000 0.501035 0.500000
0 0.500000 0.500000 0.501035 0.500000
0 0.500000 0.500000 0.501035 0.500000
0 0.500000 0.500000 0.501035 0.500000
0 0.500000 0.500000 0.501035 0.500000
0 0.500000 0.500000 0.501035 0.500000
0 0.500000 0.500000 0.501035 0.500000
0 0.500000 0.500000 0.501035 0.500000
0 0.500000 0.500000 0.501035 0.500000
0 0.500000 0.500000 0.501035 0.500000
0 0.500000 0.500000 0.501035 0.500000
0 0.500000 0.500000 0.501035 0.500000
0 0.500000 0.500000 0.501035 0.500000
0 0.500000 0.500000 0.501035 0.500000
0 0.500000 0.500000 0.501035 0.500000
0 0.500000 0.500000 0.501035 0.500000
0 0.500000 0.500000 0.501035 0.500000
0 0.500000 0.500000 0.501035 0.500000
0 0.500000 0.500000 0.501035 0.500000
0 0.500000 0.500000 0.501035 0.500000
0 0.500000 0.500000 0.501035 0.500000
0 0.500000 0.500000 0.501035 0.500000
0 0.500000 0.500000 0.501035 0.500000
0 0.500000 0.500000 0.501035 0.500000
0 0.500000 0.500000 0.501035 0.500000
0 0.500000 0.500000 0.501035 0.500000
0 0.500000 0.500000 0.501035 0.500000
0 0.500000 0.500000 0.501035 0.500000
0 0.500000 0.499309 1.000000 0.600829
0 0.500000 0.499309 1.000000 0.600829
0 0.500000 0.499309 1.000000 0.600829
0 0.500000 0.499309 1.000000 0.600829
0 0.500000 0.499309 1.000000 0.600829
0 0.500000 0.499309 1.000000 0.600829
0 0.500000 0.499309 1.000000 0.600829
0 0.500000 0.499309 1.000000 0.600829
0 0.500000 0.499309 1.000000 0.600829
0 0.500000 0.499309 1.000000 0.600829
0 0.500000 0.499309 1.000000 0.600829
0 0.500000 0.499309 1.000000 0.600829
0 0.500000 0.499309 1.000000 0.600829
0 0.500000 0.499309 1.000000 0.600829
0 0.500000 0.499309 1.000000 0.600829
0 0.500000 0.499309 1.000000 0.600829
0 0.500000 0.499309 1.000000 0.600829
0 0.500000 0.499309 1.000000 0.600829
0 0.500000 0.500000 0.501035 0.500000
0 0.500000 0.500000 0.501035 0.500000
0 0.500000 0.500000 0.501035 0.500000
0 0.500000 0.500000 0.501035 0.500000
0 0.500000 0.500000 0.501035 0.500000
0 0.500000 0.500000 0.501035 0.500000
0 0.500000 0.500000 0.501035 0.500000
