0 0.500000 0.500000 0.500000 0.502222
0 0.500000 0.500000 0.500000 0.502222
0 0.500000 0.500000 0.500000 0.502222
0 0.500000 0.500000 0.500000 0.502222
0 0.500000 0.500000 0.500000 0.502222
1 0.500000 0.500000 0.500000 0.502222
1 0.500000 0.500000 0.500000 0.502222
1 0.500000 0.500000 0.500000 0.502222
0 0.500000 0.500000 0.500000 0.502222
0 0.500000 0.500000 0.500000 0.502222
0 0.500000 0.500000 0.500000 0.502222
0 0.500000 0.500000 0.500000 0.502222
0 0.500000 0.500000 0.500000 0.502222
0 0.500000 0.500000 0.500000 0.502222
0 0.500000 0.500000 0.500000 0.502222
0 0.500000 0.500000 0.500000 0.502222
0 0.500000 0.500000 1.000000 0.600000
0 0.500000 0.500000 1.000000 0.600000
0 0.500000 0.500000 1.000000 0.600000
0 0.500000 0.500000 1.000000 0.600000
0 0.500000 0.500000 1.000000 0.600000
0 0.500000 0.500000 1.000000 0.600000
0 0.500000 0.500000 1.000000 0.600000
0 0.500000 0.500000 1.000000 0.600000
0 0.500000 0.500000 1.000000 0.600000
0 0.500000 0.500000 1.000000 0.600000
0 0.500000 0.500000 1.000000 0.600000
0 0.500000 0.500000 1.000000 0.600000
0 0.500000 0.500000 1.000000 0.600000
0 0.500000 0.500000 1.000000 0.600000
0 0.500000 0.500000 1.000000 0.600000
0 0.500000 0.500000 1.000000 0.600000
0 0.500000 0.500000 1.000000 0.600000
0 0.500000 0.500000 1.000000 0.600000
0 0.500000 0.500000 1.000000 0.600000
0 0.500000 0.500000 1.000000 0.600000
0 0.500000 0.500000 1.000000 0.600000
0 0.500000 0.500000 1.000000 0.600000
0 0.500000 0.500000 1.000000 0.600000
0 0.500000 0.500000 1.000000 0.600000
0 0.500000 0.500000 1.000000 0.600000
0 0.500000 0.500000 0.500000 0.502222
0 0.500000 0.500000 0.500000 0.502222
0 0.500000 0.500000 0.500000 0.502222
0 0.500000 0.500000 0.500000 0.502222
0 0.500000 0.500000 0.500000 0.502222
0 0.500000 0.500000 0.500000 0.502222
0 0.500000 0.500000 0.500000 0.502222
0 0.500000 0.500000 0.500000 0.502222
0 0.500000 0.500000 0.500000 0.502222
0 0.500000 0.500000 0.500000 0.502222
0 0.500000 0.500000 0.500000 0.502222
0 0.500000 0.500000 0.500000 0.502222
0 0.500000 0.500000 0.500000 0.502222
0 0.500000 0.500000 0.500000 0.502222
0 0.500000 0.500000 0.500000 0.502222
0 0.500000 0.500000 0.500000 0.502222
0 0.500000 0.500000 0.500000 0.502222
0 0.500000 0.500000 0.500000 0.502222
0 0.500000 0.500000 0.500000 0.502222
0 0.500000 0.500000 0.500000 0.502222
0 0.500000 0.500000 0.500000 0.502222
0 0.500000 0.500000 0.500000 0.502222
0 0.500000 0.500000 0.500000 0.502222
0 0.500000 0.500000 0.500000 0.502222
0 0.500000 0.500000 0.500000 0.502222
0 0.500000 0.500000 0.500000 0.502222
0 0.500000 0.500000 0.500000 0.502222
0 0.500000 0.500000 0.500000 0.502222
0 0.500000 0.500000 0.500000 0.502222
0 0.500000 0.500000 0.500000 0.502222
0 0.500000 0.500000 0.500000 0.502222
0 0.500000 0.500000 0.500000 0.502222
