0 0.500000 0.500000 0.500752 0.501188
0 0.500000 0.500000 0.500752 0.501188
0 0.500000 0.500000 0.500752 0.501188
0 0.500000 0.500000 0.500752 0.501188
0 0.500000 0.500000 0.500752 0.501188
0 0.500000 0.500000 0.500752 0.501188
0 0.500000 0.500000 0.500752 0.501188
0 0.500000 0.500000 0.500752 0.501188
0 0.500000 0.500000 0.500752 0.501188
0 0.500000 0.500000 0.500752 0.501188
0 0.500000 0.500000 0.500752 0.501188
0 0.500000 0.500000 0.500752 0.501188
0 0.500000 0.500000 0.500752 0.501188
0 0.500000 0.500000 0.500752 0.501188
0 0.500000 0.500000 0.500752 0.501188
0 0.500000 0.500000 0.500752 0.501188
0 0.500000 0.500000 0.500752 0.501188
0 0.500000 0.500000 0.500752 0.501188
0 0.500000 0.500000 0.500752 0.501188
0 0.500000 0.500000 0.500752 0.501188
0 0.500000 0.500000 0.500752 0.501188
0 0.500000 0.499406 0.600000 0.400238
0 0.500000 0.499406 0.600000 0.400238
0 0.500000 0.499406 0.600000 0.400238
0 0.500000 0.499406 0.600000 0.400238
0 0.500000 0.499406 0.600000 0.400238
0 0.500000 0.499406 0.600000 0.400238
0 0.500000 0.499406 0.600000 0.400238
0 0.500000 0.499406 1.000000 0.599762
0 0.500000 0.499406 1.000000 0.599762
0 0.500000 0.499406 1.000000 0.599762
0 0.500000 0.499406 1.000000 0.599762
0 0.500000 0.499406 1.000000 0.599762
0 0.500000 0.499406 1.000000 0.599762
0 0.500000 0.499406 1.000000 0.599762
0 0.500000 0.499406 1.000000 0.599762
0 0.500000 0.499406 1.000000 0.599762
0 0.500000 0.499406 1.000000 0.599762
0 0.500000 0.499406 1.000000 0.599762
0 0.500000 0.499406 1.000000 0.599762
4 0.500000 0.499406 0.600000 0.400238
4 0.500000 0.499406 0.600000 0.400238
4 0.500000 0.499406 0.600000 0.400238
0 0.500000 0.499406 1.000000 0.599762
0 0.500000 0.499406 1.000000 0.599762
0 0.500000 0.499406 1.000000 0.599762
0 0.500000 0.499406 1.000000 0.599762
0 0.500000 0.499406 1.000000 0.599762
0 0.500000 0.499406 1.000000 0.599762
0 0.500000 0.499406 1.000000 0.599762
0 0.500000 0.499406 1.000000 0.599762
0 0.500000 0.499406 1.000000 0.599762
0 0.500000 0.499406 1.000000 0.599762
0 0.500000 0.499406 1.000000 0.599762
0 0.500000 0.499406 1.000000 0.599762
0 0.500000 0.499406 1.000000 0.599762
0 0.500000 0.499406 1.000000 0.599762
0 0.500000 0.499406 1.000000 0.599762
0 0.500000 0.499406 1.000000 0.599762
0 0.500000 0.499406 1.000000 0.599762
0 0.500000 0.499406 1.000000 0.599762
0 0.500000 0.499406 1.000000 0.599762
0 0.500000 0.499406 1.000000 0.599762
0 0.500000 0.499406 1.000000 0.599762
0 0.500000 0.499406 1.000000 0.599762
0 0.500000 0.499406 1.000000 0.599762
0 0.500000 0.499406 1.000000 0.599762
0 0.500000 0.499406 1.000000 0.599762
0 0.500000 0.499406 1.000000 0.599762
0 0.500000 0.499406 1.000000 0.599762
0 0.500000 0.499406 1.000000 0.599762
0 0.500000 0.499406 1.000000 0.599762
0 0.500000 0.499406 1.000000 0.599762
0 0.500000 0.499406 1.000000 0.599762
0 0.500000 0.499406 1.000000 0.599762
0 0.500000 0.499406 1.000000 0.599762
0 0.500000 0.499406 1.000000 0.599762
0 0.500000 0.499406 1.000000 0.599762
0 0.500000 0.499406 1.000000 0.599762
