0 0.500000 0.500000 0.500000 0.500000
0 0.500000 0.500000 0.500000 0.500000
0 0.500000 0.500000 0.500000 0.500000
0 0.500000 0.500000 0.500000 0.500000
0 0.500000 0.500000 0.500000 0.500000
0 0.500000 0.500000 0.500000 0.500000
8 0.500000 0.499512 1.000000 0.600586
8 0.500000 0.499512 1.000000 0.600586
8 0.500000 0.499512 1.000000 0.600586
8 0.500000 0.499512 1.000000 0.600586
8 0.500000 0.499512 1.000000 0.600586
0 0.500000 0.499512 1.000000 0.600586
0 0.500000 0.499512 1.000000 0.600586
0 0.500000 0.499512 1.000000 0.600586
0 0.500000 0.499512 1.000000 0.600586
0 0.500000 0.499512 1.000000 0.600586
0 0.500000 0.499512 1.000000 0.600586
0 0.500000 0.499512 1.000000 0.600586
0 0.500000 0.499512 1.000000 0.600586
0 0.500000 0.499512 1.000000 0.600586
0 0.500000 0.499512 1.000000 0.600586
0 0.500000 0.499512 1.000000 0.600586
0 0.500000 0.499512 1.000000 0.600586
0 0.500000 0.499512 1.000000 0.600586
0 0.500000 0.499512 1.000000 0.600586
0 0.500000 0.499512 1.000000 0.600586
0 0.500000 0.499512 1.000000 0.600586
0 0.500000 0.499512 1.000000 0.600586
0 0.500000 0.499512 1.000000 0.600586
0 0.500000 0.499512 1.000000 0.600586
0 0.500000 0.499512 1.000000 0.600586
0 0.500000 0.499512 1.000000 0.600586
0 0.500000 0.499512 1.000000 0.600586
0 0.500000 0.499512 1.000000 0.600586
0 0.500000 0.499512 1.000000 0.600586
0 0.500000 0.499512 1.000000 0.600586
0 0.500000 0.499512 1.000000 0.600586
0 0.500000 0.499512 1.000000 0.600586
0 0.500000 0.499512 1.000000 0.600586
0 0.500000 0.499512 1.000000 0.600586
5 0.499349 0.649414 0.399740 0.500000
5 0.499349 0.649414 0.399740 0.500000
5 0.499349 0.649414 0.399740 0.500000
5 0.499349 0.649414 0.399740 0.500000
0 0.499349 0.499512 0.600260 0.399414
0 0.499349 0.499512 0.600260 0.399414
0 0.499349 0.499512 0.600260 0.399414
0 0.499349 0.499512 0.600260 0.399414
0 0.500000 0.500000 0.500000 0.500000
0 0.500000 0.500000 0.500000 0.500000
0 0.500000 0.500000 0.500000 0.500000
0 0.500000 0.500000 0.500000 0.500000
0 0.500000 0.500000 0.500000 0.500000
0 0.500000 0.500000 0.500000 0.500000
0 0.500000 0.499512 1.000000 0.600586
0 0.500000 0.499512 1.000000 0.600586
0 0.500000 0.499512 1.000000 0.600586
0 0.500000 0.499512 1.000000 0.600586
0 0.500000 0.499512 1.000000 0.600586
0 0.500000 0.499512 1.000000 0.600586
0 0.500000 0.499512 1.000000 0.600586
0 0.500000 0.499512 1.000000 0.600586
0 0.500000 0.499512 1.000000 0.600586
0 0.500000 0.499512 1.000000 0.600586
0 0.500000 0.499512 1.000000 0.600586
0 0.500000 0.499512 1.000000 0.600586
0 0.500000 0.499512 1.000000 0.600586
0 0.500000 0.499512 1.000000 0.600586
0 0.500000 0.499512 1.000000 0.600586
0 0.500000 0.499512 1.000000 0.600586
