8 0.500000 0.498731 1.000000 0.601523
8 0.500000 0.498731 1.000000 0.601523
8 0.500000 0.498731 1.000000 0.601523
8 0.500000 0.498731 1.000000 0.601523
8 0.500000 0.498731 1.000000 0.601523
8 0.500000 0.498731 1.000000 0.601523
8 0.500000 0.498731 1.000000 0.601523
8 0.500000 0.498731 1.000000 0.601523
8 0.500000 0.498731 1.000000 0.601523
8 0.500000 0.498731 1.000000 0.601523
0 0.500000 0.500000 0.500000 0.502538
0 0.500000 0.500000 0.500000 0.502538
0 0.500000 0.500000 0.500000 0.502538
0 0.500000 0.500000 0.500000 0.502538
0 0.500000 0.500000 0.500000 0.502538
0 0.500000 0.500000 0.500000 0.502538
0 0.500000 0.500000 0.500000 0.502538
0 0.500000 0.500000 0.500000 0.502538
0 0.500000 0.500000 0.500000 0.502538
0 0.500000 0.500000 0.500000 0.502538
0 0.500000 0.500000 0.500000 0.502538
0 0.500000 0.500000 0.500000 0.502538
0 0.500000 0.500000 0.500000 0.502538
0 0.500000 0.500000 0.500000 0.502538
0 0.500000 0.500000 0.500000 0.502538
0 0.500000 0.500000 0.500000 0.502538
0 0.500000 0.500000 0.500000 0.502538
0 0.500000 0.500000 0.500000 0.502538
0 0.500000 0.500000 0.500000 0.502538
0 0.500000 0.500000 0.500000 0.502538
0 0.500000 0.500000 0.500000 0.502538
0 0.500000 0.500000 0.500000 0.502538
0 0.500000 0.500000 0.500000 0.502538
0 0.500000 0.500000 0.500000 0.502538
0 0.500000 0.500000 0.500000 0.502538
0 0.500000 0.500000 0.500000 0.502538
0 0.500000 0.500000 0.500000 0.502538
0 0.500000 0.500000 0.500000 0.502538
0 0.500000 0.500000 0.500000 0.502538
0 0.500000 0.500000 0.500000 0.502538
0 0.500000 0.500000 0.500000 0.502538
0 0.500000 0.500000 0.500000 0.502538
0 0.500000 0.500000 0.500000 0.502538
0 0.500000 0.500000 0.500000 0.502538
0 0.500000 0.500000 0.500000 0.502538
0 0.500000 0.500000 0.500000 0.502538
0 0.500000 0.500000 0.500000 0.502538
0 0.500000 0.500000 0.500000 0.502538
0 0.500000 0.500000 0.500000 0.502538
0 0.500000 0.500000 0.500000 0.502538
0 0.500000 0.500000 0.500000 0.502538
0 0.500000 0.500000 0.500000 0.502538
0 0.500000 0.500000 0.500000 0.502538
0 0.500000 0.500000 0.500000 0.502538
0 0.500000 0.500000 0.500000 0.502538
0 0.500000 0.500000 0.500000 0.502538
0 0.500000 0.500000 0.500000 0.502538
0 0.500000 0.500000 0.500000 0.502538
0 0.500000 0.500000 0.500000 0.502538
0 0.500000 0.500000 0.500000 0.502538
0 0.500000 0.500000 0.500000 0.502538
0 0.500000 0.500000 0.500000 0.502538
0 0.500000 0.500000 0.500000 0.502538
0 0.500000 0.500000 0.500000 0.502538
0 0.500000 0.498731 1.000000 0.601523
0 0.500000 0.498731 1.000000 0.601523
0 0.500000 0.498731 1.000000 0.601523
0 0.500000 0.498731 1.000000 0.601523
0 0.500000 0.498731 1.000000 0.601523
0 0.500000 0.498731 1.000000 0.601523
0 0.500000 0.498731 1.000000 0.601523
0 0.500000 0.498731 1.000000 0.601523
0 0.500000 0.498731 1.000000 0.601523
0 0.500000 0.498731 1.000000 0.601523
0 0.500000 0.498731 1.000000 0.601523
0 0.500000 0.498731 1.000000 0.601523
0 0.500000 0.498731 1.000000 0.601523
0 0.500000 0.498731 1.000000 0.601523
0 0.500000 0.498731 1.000000 0.601523
0 0.500000 0.498731 1.000000 0.601523
0 0.500000 0.498731 1.000000 0.601523
0 0.500000 0.498731 1.000000 0.601523
0 0.500000 0.498731 1.000000 0.601523
0 0.500000 0.498731 1.000000 0.601523
0 0.500000 0.498731 1.000000 0.601523
0 0.500000 0.498731 1.000000 0.601523
0 0.500000 0.498731 1.000000 0.601523
