0 0.500000 0.500000 0.500000 0.500000
0 0.500000 0.500000 0.500000 0.500000
0 0.500000 0.500000 0.500000 0.500000
0 0.500000 0.500000 0.500000 0.500000
0 0.500000 0.500000 0.500000 0.500000
0 0.500000 0.500000 0.500000 0.500000
8 0.500000 0.498239 1.000000 0.602113
8 0.500000 0.498239 1.000000 0.602113
8 0.500000 0.498239 1.000000 0.602113
8 0.500000 0.498239 1.000000 0.602113
8 0.500000 0.498239 1.000000 0.602113
0 0.500000 0.500000 0.500000 0.500000
0 0.500000 0.500000 0.500000 0.500000
0 0.500000 0.500000 0.500000 0.500000
0 0.500000 0.500000 0.500000 0.500000
0 0.500000 0.500000 0.500000 0.500000
0 0.500000 0.500000 0.500000 0.500000
0 0.500000 0.500000 0.500000 0.500000
0 0.500000 0.500000 0.500000 0.500000
0 0.500000 0.500000 0.500000 0.500000
0 0.500000 0.500000 0.500000 0.500000
0 0.500000 0.500000 0.500000 0.500000
0 0.500000 0.500000 0.500000 0.500000
0 0.500000 0.500000 0.500000 0.500000
0 0.500000 0.500000 0.500000 0.500000
0 0.500000 0.500000 0.500000 0.500000
0 0.500000 0.500000 0.500000 0.500000
0 0.500000 0.500000 0.500000 0.500000
0 0.500000 0.498239 1.000000 0.602113
0 0.500000 0.498239 1.000000 0.602113
0 0.500000 0.498239 1.000000 0.602113
0 0.500000 0.498239 1.000000 0.602113
0 0.500000 0.498239 1.000000 0.602113
0 0.500000 0.498239 1.000000 0.602113
0 0.500000 0.498239 1.000000 0.602113
0 0.500000 0.498239 1.000000 0.602113
0 0.500000 0.498239 1.000000 0.602113
0 0.500000 0.498239 1.000000 0.602113
0 0.500000 0.498239 1.000000 0.602113
0 0.500000 0.498239 1.000000 0.602113
0 0.500000 0.498239 1.000000 0.602113
0 0.500000 0.498239 1.000000 0.602113
0 0.500000 0.498239 1.000000 0.602113
0 0.500000 0.498239 1.000000 0.602113
0 0.500000 0.498239 1.000000 0.602113
0 0.500000 0.500000 0.500000 0.500000
0 0.500000 0.500000 0.500000 0.500000
0 0.500000 0.500000 0.500000 0.500000
0 0.500000 0.500000 0.500000 0.500000
0 0.500000 0.500000 0.500000 0.500000
0 0.500000 0.500000 0.500000 0.500000
0 0.500000 0.500000 0.500000 0.500000
0 0.500000 0.500000 0.500000 0.500000
0 0.500000 0.500000 0.500000 0.500000
0 0.500000 0.500000 0.500000 0.500000
0 0.500000 0.498239 1.000000 0.602113
0 0.500000 0.498239 1.000000 0.602113
0 0.500000 0.498239 1.000000 0.602113
0 0.500000 0.498239 1.000000 0.602113
0 0.500000 0.498239 1.000000 0.602113
0 0.500000 0.498239 1.000000 0.602113
0 0.500000 0.498239 1.000000 0.602113
0 0.500000 0.498239 1.000000 0.602113
0 0.500000 0.498239 1.000000 0.602113
0 0.500000 0.498239 1.000000 0.602113
0 0.500000 0.498239 1.000000 0.602113
0 0.500000 0.498239 1.000000 0.602113
0 0.500000 0.498239 1.000000 0.602113
0 0.500000 0.498239 1.000000 0.602113
0 0.500000 0.498239 1.000000 0.602113
0 0.500000 0.498239 1.000000 0.602113
0 0.500000 0.500000 0.500000 0.500000
0 0.500000 0.500000 0.500000 0.500000
0 0.500000 0.500000 0.500000 0.500000
0 0.500000 0.498239 1.000000 0.602113
0 0.500000 0.498239 1.000000 0.602113
0 0.500000 0.498239 1.000000 0.602113
0 0.500000 0.498239 1.000000 0.602113
0 0.500000 0.498239 1.000000 0.602113
