8 0.500000 0.498963 1.000000 0.599585
8 0.500000 0.498963 1.000000 0.599585
8 0.500000 0.498963 1.000000 0.599585
8 0.500000 0.498963 1.000000 0.599585
8 0.500000 0.498963 1.000000 0.599585
8 0.500000 0.498963 1.000000 0.599585
8 0.500000 0.498963 1.000000 0.599585
8 0.500000 0.498963 1.000000 0.599585
8 0.500000 0.498963 1.000000 0.599585
8 0.500000 0.498963 1.000000 0.599585
8 0.500000 0.498963 1.000000 0.599585
0 0.500000 0.500000 0.501818 0.502075
0 0.500000 0.500000 0.501818 0.502075
0 0.500000 0.500000 0.501818 0.502075
0 0.500000 0.500000 0.501818 0.502075
0 0.500000 0.500000 0.501818 0.502075
0 0.500000 0.500000 0.501818 0.502075
0 0.500000 0.500000 0.501818 0.502075
0 0.500000 0.500000 0.501818 0.502075
0 0.500000 0.500000 0.501818 0.502075
0 0.500000 0.500000 0.501818 0.502075
0 0.500000 0.500000 0.501818 0.502075
3 0.500000 0.149378 0.800000 0.298755
3 0.500000 0.149378 0.800000 0.298755
3 0.500000 0.149378 0.800000 0.298755
3 0.500000 0.149378 0.800000 0.298755
3 0.500000 0.149378 0.800000 0.298755
3 0.500000 0.149378 0.800000 0.298755
3 0.500000 0.149378 0.800000 0.298755
3 0.500000 0.149378 0.800000 0.298755
3 0.500000 0.149378 0.800000 0.298755
3 0.500000 0.149378 0.800000 0.298755
3 0.500000 0.149378 0.800000 0.298755
3 0.500000 0.149378 0.800000 0.298755
3 0.500000 0.149378 0.800000 0.298755
3 0.500000 0.149378 0.800000 0.298755
3 0.500000 0.149378 0.800000 0.298755
3 0.500000 0.149378 0.800000 0.298755
3 0.500000 0.149378 0.800000 0.298755
3 0.500000 0.149378 0.800000 0.298755
3 0.500000 0.149378 0.800000 0.298755
3 0.500000 0.149378 0.800000 0.298755
3 0.500000 0.149378 0.800000 0.298755
3 0.500000 0.149378 0.800000 0.298755
3 0.500000 0.149378 0.800000 0.298755
3 0.500000 0.149378 0.800000 0.298755
3 0.500000 0.149378 0.800000 0.298755
3 0.500000 0.149378 0.800000 0.298755
3 0.500000 0.149378 0.800000 0.298755
3 0.500000 0.149378 0.800000 0.298755
3 0.500000 0.149378 0.800000 0.298755
3 0.500000 0.149378 0.800000 0.298755
0 0.500000 0.498963 1.000000 0.599585
0 0.500000 0.498963 1.000000 0.599585
0 0.500000 0.498963 1.000000 0.599585
0 0.500000 0.498963 1.000000 0.599585
0 0.500000 0.498963 1.000000 0.599585
0 0.500000 0.498963 1.000000 0.599585
0 0.500000 0.498963 1.000000 0.599585
0 0.500000 0.498963 1.000000 0.599585
0 0.500000 0.498963 1.000000 0.599585
0 0.500000 0.498963 1.000000 0.599585
8 0.500000 0.498963 1.000000 0.599585
8 0.500000 0.498963 1.000000 0.599585
8 0.500000 0.498963 1.000000 0.599585
8 0.500000 0.498963 1.000000 0.599585
8 0.500000 0.498963 1.000000 0.599585
0 0.500000 0.500000 0.501818 0.502075
0 0.500000 0.498963 1.000000 0.599585
0 0.500000 0.498963 1.000000 0.599585
0 0.500000 0.498963 1.000000 0.599585
0 0.500000 0.498963 1.000000 0.599585
0 0.500000 0.498963 1.000000 0.599585
