8 0.500000 0.500000 1.000000 0.600000
8 0.500000 0.500000 1.000000 0.600000
8 0.500000 0.500000 1.000000 0.600000
8 0.500000 0.500000 1.000000 0.600000
8 0.500000 0.500000 1.000000 0.600000
8 0.500000 0.500000 1.000000 0.600000
0 0.500000 0.500000 0.500000 0.501053
0 0.500000 0.500000 0.500000 0.501053
0 0.500000 0.500000 0.500000 0.501053
0 0.500000 0.500000 0.500000 0.501053
0 0.500000 0.500000 0.500000 0.501053
0 0.500000 0.500000 0.500000 0.501053
0 0.500000 0.500000 0.500000 0.501053
0 0.500000 0.500000 0.500000 0.501053
0 0.500000 0.500000 0.500000 0.501053
0 0.500000 0.500000 0.500000 0.501053
0 0.500000 0.500000 0.500000 0.501053
0 0.500000 0.500000 0.500000 0.501053
0 0.500000 0.500000 0.500000 0.501053
0 0.500000 0.500000 0.500000 0.501053
0 0.500000 0.500000 0.500000 0.501053
0 0.500000 0.500000 0.500000 0.501053
0 0.500000 0.500000 1.000000 0.600000
0 0.500000 0.500000 1.000000 0.600000
0 0.500000 0.500000 1.000000 0.600000
0 0.500000 0.500000 1.000000 0.600000
0 0.500000 0.500000 1.000000 0.600000
0 0.500000 0.500000 0.500000 0.501053
0 0.500000 0.500000 0.500000 0.501053
0 0.500000 0.500000 0.500000 0.501053
0 0.500000 0.500000 0.500000 0.501053
0 0.500000 0.500000 0.500000 0.501053
0 0.500000 0.500000 0.500000 0.501053
8 0.500000 0.500000 1.000000 0.600000
8 0.500000 0.500000 1.000000 0.600000
8 0.500000 0.500000 1.000000 0.600000
8 0.500000 0.500000 1.000000 0.600000
8 0.500000 0.500000 1.000000 0.600000
0 0.500000 0.500000 0.500000 0.501053
0 0.500000 0.500000 0.500000 0.501053
0 0.500000 0.500000 0.500000 0.501053
0 0.500000 0.500000 0.500000 0.501053
0 0.500000 0.500000 0.500000 0.501053
0 0.500000 0.500000 0.500000 0.501053
0 0.500000 0.500000 0.500000 0.501053
0 0.500000 0.500000 0.500000 0.501053
0 0.500000 0.500000 0.500000 0.501053
0 0.500000 0.500000 0.500000 0.501053
0 0.500000 0.500000 0.500000 0.501053
0 0.500000 0.500000 0.500000 0.501053
0 0.500000 0.500000 0.500000 0.501053
0 0.500000 0.500000 0.500000 0.501053
0 0.500000 0.500000 0.500000 0.501053
0 0.500000 0.500000 0.500000 0.501053
0 0.500000 0.500000 0.500000 0.501053
0 0.500000 0.500000 0.500000 0.501053
0 0.500000 0.500000 0.500000 0.501053
0 0.500000 0.500000 0.500000 0.501053
0 0.500000 0.500000 0.500000 0.501053
0 0.500000 0.500000 0.500000 0.501053
0 0.500000 0.500000 0.500000 0.501053
0 0.500000 0.500000 0.500000 0.501053
0 0.500000 0.500000 0.500000 0.501053
0 0.500000 0.500000 0.500000 0.501053
0 0.500000 0.500000 0.500000 0.501053
0 0.500000 0.500000 0.500000 0.501053
0 0.500000 0.500000 0.500000 0.501053
