8 0.500000 0.497537 1.000000 0.600985
8 0.500000 0.497537 1.000000 0.600985
8 0.500000 0.497537 1.000000 0.600985
8 0.500000 0.497537 1.000000 0.600985
8 0.500000 0.497537 1.000000 0.600985
0 0.500000 0.500000 0.500000 0.507389
0 0.500000 0.500000 0.500000 0.507389
0 0.500000 0.500000 0.500000 0.507389
0 0.500000 0.500000 0.500000 0.507389
0 0.500000 0.500000 0.500000 0.507389
0 0.500000 0.500000 0.500000 0.507389
0 0.500000 0.500000 0.500000 0.507389
0 0.500000 0.500000 0.500000 0.507389
0 0.500000 0.500000 0.500000 0.507389
0 0.500000 0.500000 0.500000 0.507389
0 0.500000 0.500000 0.500000 0.507389
0 0.500000 0.500000 0.500000 0.507389
0 0.500000 0.500000 0.500000 0.507389
0 0.500000 0.500000 0.500000 0.507389
0 0.500000 0.500000 0.500000 0.507389
0 0.500000 0.500000 0.500000 0.507389
0 0.500000 0.500000 0.500000 0.507389
0 0.500000 0.500000 0.500000 0.507389
0 0.500000 0.500000 0.500000 0.507389
0 0.500000 0.500000 0.500000 0.507389
0 0.500000 0.500000 0.500000 0.507389
3 0.497984 0.147783 0.802419 0.295567
3 0.497984 0.147783 0.802419 0.295567
3 0.497984 0.147783 0.802419 0.295567
3 0.497984 0.147783 0.802419 0.295567
8 0.500000 0.497537 1.000000 0.600985
8 0.500000 0.497537 1.000000 0.600985
8 0.500000 0.497537 1.000000 0.600985
8 0.500000 0.497537 1.000000 0.600985
8 0.500000 0.497537 1.000000 0.600985
0 0.500000 0.500000 0.500000 0.507389
0 0.500000 0.500000 0.500000 0.507389
0 0.500000 0.500000 0.500000 0.507389
0 0.500000 0.500000 0.500000 0.507389
0 0.500000 0.500000 0.500000 0.507389
4 0.497984 0.497537 0.600806 0.403941
4 0.497984 0.497537 0.600806 0.403941
4 0.497984 0.497537 0.600806 0.403941
4 0.497984 0.497537 0.600806 0.403941
4 0.497984 0.497537 0.600806 0.403941
4 0.497984 0.497537 0.600806 0.403941
0 0.500000 0.500000 0.500000 0.507389
0 0.500000 0.500000 0.500000 0.507389
0 0.500000 0.500000 0.500000 0.507389
0 0.500000 0.500000 0.500000 0.507389
0 0.500000 0.500000 0.500000 0.507389
0 0.500000 0.500000 0.500000 0.507389
0 0.500000 0.500000 0.500000 0.507389
0 0.500000 0.500000 0.500000 0.507389
0 0.500000 0.500000 0.500000 0.507389
0 0.500000 0.500000 0.500000 0.507389
0 0.500000 0.500000 0.500000 0.507389
0 0.500000 0.500000 0.500000 0.507389
0 0.500000 0.500000 0.500000 0.507389
0 0.500000 0.500000 0.500000 0.507389
0 0.500000 0.500000 0.500000 0.507389
0 0.500000 0.500000 0.500000 0.507389
0 0.500000 0.500000 0.500000 0.507389
0 0.500000 0.500000 0.500000 0.507389
0 0.500000 0.500000 0.500000 0.507389
0 0.500000 0.500000 0.500000 0.507389
0 0.500000 0.500000 0.500000 0.507389
0 0.500000 0.500000 0.500000 0.507389
