0 0.500000 0.500000 0.500000 0.500000
0 0.500000 0.500000 0.500000 0.500000
0 0.500000 0.500000 0.500000 0.500000
8 0.500000 0.500000 0.500000 0.500000
8 0.500000 0.500000 0.500000 0.500000
8 0.500000 0.500000 0.500000 0.500000
0 0.500000 0.500000 0.500000 0.500000
0 0.500000 0.500000 0.500000 0.500000
0 0.500000 0.500000 0.500000 0.500000
0 0.500000 0.500000 0.500000 0.500000
0 0.500000 0.500000 1.000000 0.600000
0 0.500000 0.500000 1.000000 0.600000
0 0.500000 0.500000 1.000000 0.600000
0 0.500000 0.500000 1.000000 0.600000
0 0.500000 0.500000 1.000000 0.600000
0 0.500000 0.500000 1.000000 0.600000
0 0.500000 0.650000 0.400000 0.500000
0 0.500000 0.650000 0.400000 0.500000
0 0.500000 0.650000 0.400000 0.500000
0 0.500000 0.650000 0.400000 0.500000
4 0.500000 0.500000 0.600000 0.400000
4 0.500000 0.500000 0.600000 0.400000
4 0.500000 0.500000 0.600000 0.400000
0 0.500000 0.500000 0.500000 0.500000
0 0.500000 0.500000 0.500000 0.500000
0 0.500000 0.500000 0.500000 0.500000
0 0.500000 0.500000 0.500000 0.500000
0 0.500000 0.500000 0.500000 0.500000
0 0.500000 0.500000 0.500000 0.500000
0 0.500000 0.500000 0.500000 0.500000
0 0.500000 0.500000 0.500000 0.500000
0 0.500000 0.500000 0.500000 0.500000
3 0.500000 0.150000 0.800000 0.300000
3 0.500000 0.150000 0.800000 0.300000
3 0.500000 0.150000 0.800000 0.300000
3 0.500000 0.150000 0.800000 0.300000
0 0.500000 0.500000 0.500000 0.500000
0 0.500000 0.500000 0.500000 0.500000
0 0.500000 0.500000 0.500000 0.500000
0 0.500000 0.500000 0.500000 0.500000
0 0.500000 0.500000 0.500000 0.500000
0 0.500000 0.500000 0.500000 0.500000
0 0.500000 0.500000 0.500000 0.500000
0 0.500000 0.500000 1.000000 0.600000
0 0.500000 0.500000 1.000000 0.600000
0 0.500000 0.500000 1.000000 0.600000
0 0.500000 0.500000 1.000000 0.600000
0 0.500000 0.500000 1.000000 0.600000
0 0.500000 0.500000 1.000000 0.600000
0 0.500000 0.500000 1.000000 0.600000
0 0.500000 0.500000 1.000000 0.600000
0 0.500000 0.500000 1.000000 0.600000
0 0.500000 0.500000 1.000000 0.600000
0 0.500000 0.500000 1.000000 0.600000
0 0.500000 0.500000 0.500000 0.500000
0 0.500000 0.500000 0.500000 0.500000
0 0.500000 0.500000 0.500000 0.500000
0 0.500000 0.500000 0.500000 0.500000
0 0.500000 0.500000 0.500000 0.500000
0 0.500000 0.500000 0.500000 0.500000
0 0.500000 0.500000 0.500000 0.500000
0 0.500000 0.500000 1.000000 0.600000
0 0.500000 0.500000 1.000000 0.600000
0 0.500000 0.500000 1.000000 0.600000
0 0.500000 0.500000 1.000000 0.600000
0 0.500000 0.500000 1.000000 0.600000
0 0.500000 0.500000 1.000000 0.600000
