0 0.500000 0.500000 0.500000 0.503326
0 0.500000 0.500000 0.500000 0.503326
0 0.500000 0.500000 0.500000 0.503326
0 0.500000 0.500000 0.500000 0.503326
0 0.500000 0.500000 0.500000 0.503326
0 0.500000 0.500000 0.500000 0.503326
0 0.500000 0.500000 0.500000 0.503326
0 0.500000 0.500000 0.500000 0.503326
0 0.500000 0.500000 0.500000 0.503326
0 0.500000 0.500000 0.500000 0.503326
0 0.500000 0.500000 0.500000 0.503326
0 0.500000 0.500000 0.500000 0.503326
0 0.500000 0.500000 0.500000 0.503326
0 0.500000 0.500000 0.500000 0.503326
0 0.500000 0.500000 0.500000 0.503326
0 0.500000 0.500000 0.500000 0.503326
0 0.500000 0.500000 0.500000 0.503326
7 0.500000 0.500000 0.500000 0.503326
7 0.500000 0.500000 0.500000 0.503326
7 0.500000 0.500000 0.500000 0.503326
0 0.500000 0.500000 0.500000 0.503326
0 0.500000 0.500000 0.500000 0.503326
0 0.500000 0.500000 0.500000 0.503326
7 0.500000 0.500000 0.500000 0.503326
7 0.500000 0.500000 0.500000 0.503326
7 0.500000 0.500000 0.500000 0.503326
7 0.500000 0.500000 0.500000 0.503326
7 0.500000 0.500000 0.500000 0.503326
7 0.500000 0.500000 0.500000 0.503326
7 0.500000 0.500000 0.500000 0.503326
7 0.500000 0.500000 0.500000 0.503326
7 0.500000 0.500000 0.500000 0.503326
7 0.500000 0.498891 1.000000 0.598670
7 0.500000 0.498891 1.000000 0.598670
7 0.500000 0.498891 1.000000 0.598670
7 0.500000 0.498891 1.000000 0.598670
7 0.500000 0.498891 1.000000 0.598670
7 0.500000 0.498891 1.000000 0.598670
0 0.500000 0.498891 1.000000 0.598670
0 0.500000 0.498891 1.000000 0.598670
0 0.500000 0.498891 1.000000 0.598670
0 0.500000 0.498891 1.000000 0.598670
0 0.500000 0.498891 1.000000 0.598670
0 0.500000 0.498891 1.000000 0.598670
0 0.500000 0.498891 1.000000 0.598670
0 0.500000 0.498891 1.000000 0.598670
0 0.500000 0.498891 1.000000 0.598670
0 0.500000 0.498891 1.000000 0.598670
0 0.500000 0.498891 1.000000 0.598670
0 0.500000 0.498891 1.000000 0.598670
0 0.500000 0.498891 1.000000 0.598670
0 0.500000 0.498891 1.000000 0.598670
0 0.500000 0.498891 1.000000 0.598670
0 0.500000 0.498891 1.000000 0.598670
0 0.500000 0.498891 1.000000 0.598670
0 0.500000 0.498891 1.000000 0.598670
0 0.500000 0.498891 1.000000 0.598670
0 0.500000 0.498891 1.000000 0.598670
0 0.500000 0.498891 1.000000 0.598670
0 0.500000 0.498891 1.000000 0.598670
0 0.500000 0.498891 1.000000 0.598670
0 0.500000 0.498891 1.000000 0.598670
