0 0.500000 0.498731 0.600000 0.398477
8 0.500000 0.498731 1.000000 0.601523
8 0.500000 0.498731 1.000000 0.601523
8 0.500000 0.498731 1.000000 0.601523
8 0.500000 0.498731 1.000000 0.601523
8 0.500000 0.498731 1.000000 0.601523
8 0.500000 0.498731 1.000000 0.601523
8 0.500000 0.498731 1.000000 0.601523
0 0.500000 0.498731 1.000000 0.601523
8 0.500000 0.498731 1.000000 0.601523
1 0.500000 0.149746 0.800000 0.299492
0 0.500000 0.500000 0.500000 0.502538
0 0.500000 0.500000 0.500000 0.502538
8 0.500000 0.498731 1.000000 0.601523
0 0.500000 0.498731 1.000000 0.601523
0 0.500000 0.498731 1.000000 0.601523
0 0.500000 0.498731 1.000000 0.601523
0 0.500000 0.498731 1.000000 0.601523
0 0.500000 0.498731 1.000000 0.601523
0 0.500000 0.498731 1.000000 0.601523
0 0.500000 0.498731 1.000000 0.601523
0 0.500000 0.498731 1.000000 0.601523
8 0.500000 0.498731 1.000000 0.601523
0 0.500000 0.500000 0.500000 0.502538
0 0.500000 0.498731 1.000000 0.601523
8 0.500000 0.498731 1.000000 0.601523
0 0.500000 0.500000 0.500000 0.502538
0 0.500000 0.500000 0.500000 0.502538
0 0.500000 0.500000 0.500000 0.502538
0 0.500000 0.500000 0.500000 0.502538
0 0.500000 0.500000 0.500000 0.502538
0 0.500000 0.500000 0.500000 0.502538
0 0.500000 0.500000 0.500000 0.502538
0 0.500000 0.500000 0.500000 0.502538
0 0.500000 0.500000 0.500000 0.502538
0 0.500000 0.500000 0.500000 0.502538
8 0.500000 0.498731 1.000000 0.601523
0 0.500000 0.500000 0.500000 0.502538
8 0.500000 0.498731 1.000000 0.601523
8 0.500000 0.498731 1.000000 0.601523
8 0.500000 0.498731 1.000000 0.601523
8 0.500000 0.498731 1.000000 0.601523
8 0.500000 0.498731 1.000000 0.601523
8 0.500000 0.498731 1.000000 0.601523
8 0.500000 0.498731 1.000000 0.601523
8 0.500000 0.498731 1.000000 0.601523
8 0.500000 0.498731 1.000000 0.601523
0 0.500000 0.500000 0.500000 0.502538
0 0.500000 0.500000 0.500000 0.502538
0 0.500000 0.500000 0.500000 0.502538
0 0.500000 0.500000 0.500000 0.502538
0 0.500000 0.500000 0.500000 0.502538
0 0.500000 0.500000 0.500000 0.502538
0 0.500000 0.500000 0.500000 0.502538
0 0.500000 0.500000 0.500000 0.502538
0 0.500000 0.500000 0.500000 0.502538
0 0.500000 0.500000 0.500000 0.502538
0 0.500000 0.500000 0.500000 0.502538
0 0.500000 0.500000 0.500000 0.502538
0 0.500000 0.500000 0.500000 0.502538
0 0.500000 0.500000 0.500000 0.502538
0 0.500000 0.500000 0.500000 0.502538
0 0.500000 0.500000 0.500000 0.502538
0 0.500000 0.500000 0.500000 0.502538
1 0.500000 0.500000 0.500000 0.502538
1 0.500000 0.500000 0.500000 0.502538
1 0.500000 0.500000 0.500000 0.502538
1 0.500000 0.500000 0.500000 0.502538
1 0.500000 0.500000 0.500000 0.502538
1 0.500000 0.500000 0.500000 0.502538
8 0.500000 0.498731 1.000000 0.601523
8 0.500000 0.498731 1.000000 0.601523
8 0.500000 0.498731 1.000000 0.601523
8 0.500000 0.498731 1.000000 0.601523
8 0.500000 0.498731 1.000000 0.601523
8 0.500000 0.498731 1.000000 0.601523
0 0.500000 0.500000 0.500000 0.502538
0 0.500000 0.500000 0.500000 0.502538
0 0.500000 0.500000 0.500000 0.502538
1 0.500000 0.500000 0.500000 0.502538
1 0.500000 0.500000 0.500000 0.502538
1 0.500000 0.500000 0.500000 0.502538
1 0.500000 0.500000 0.500000 0.502538
1 0.500000 0.500000 0.500000 0.502538
1 0.500000 0.500000 0.500000 0.502538
0 0.500000 0.500000 0.500000 0.502538
0 0.500000 0.500000 0.500000 0.502538
0 0.500000 0.500000 0.500000 0.502538
0 0.500000 0.500000 0.500000 0.502538
0 0.500000 0.500000 0.500000 0.502538
0 0.500000 0.500000 0.500000 0.502538
0 0.500000 0.500000 0.500000 0.502538
0 0.500000 0.500000 0.500000 0.502538
0 0.500000 0.500000 0.500000 0.502538
0 0.500000 0.500000 0.500000 0.502538
0 0.500000 0.500000 0.500000 0.502538
0 0.500000 0.500000 0.500000 0.502538
0 0.500000 0.500000 0.500000 0.502538
1 0.500000 0.500000 0.500000 0.502538
8 0.500000 0.498731 1.000000 0.601523
8 0.500000 0.498731 1.000000 0.601523
8 0.500000 0.498731 1.000000 0.601523
8 0.500000 0.498731 1.000000 0.601523
8 0.500000 0.498731 1.000000 0.601523
8 0.500000 0.498731 1.000000 0.601523
8 0.500000 0.498731 1.000000 0.601523
0 0.500000 0.500000 0.500000 0.502538
8 0.500000 0.498731 1.000000 0.601523
8 0.500000 0.498731 1.000000 0.601523
3 0.500000 0.149746 0.800000 0.299492
3 0.500000 0.149746 0.800000 0.299492
3 0.500000 0.149746 0.800000 0.299492
3 0.500000 0.149746 0.800000 0.299492
3 0.500000 0.149746 0.800000 0.299492
3 0.500000 0.149746 0.800000 0.299492
3 0.500000 0.149746 0.800000 0.299492
3 0.500000 0.149746 0.800000 0.299492
4 0.500000 0.498731 1.000000 0.601523
0 0.500000 0.500000 0.500000 0.502538
0 0.500000 0.500000 0.500000 0.502538
0 0.500000 0.498731 1.000000 0.601523
0 0.500000 0.500000 0.500000 0.502538
0 0.500000 0.500000 0.500000 0.502538
0 0.500000 0.500000 0.500000 0.502538
0 0.500000 0.500000 0.500000 0.502538
0 0.500000 0.500000 0.500000 0.502538
0 0.500000 0.500000 0.500000 0.502538
0 0.500000 0.500000 0.500000 0.502538
0 0.500000 0.500000 0.500000 0.502538
0 0.500000 0.500000 0.500000 0.502538
0 0.500000 0.500000 0.500000 0.502538
0 0.500000 0.500000 0.500000 0.502538
0 0.500000 0.498731 0.600000 0.398477
0 0.500000 0.500000 0.500000 0.502538
8 0.500000 0.498731 1.000000 0.601523
0 0.500000 0.149746 0.800000 0.299492
0 0.500000 0.149746 0.800000 0.299492
0 0.500000 0.149746 0.800000 0.299492
0 0.500000 0.149746 0.800000 0.299492
0 0.500000 0.498731 1.000000 0.601523
0 0.500000 0.498731 1.000000 0.601523
4 0.500000 0.498731 1.000000 0.601523
4 0.500000 0.498731 1.000000 0.601523
1 0.500000 0.500000 0.500000 0.502538
8 0.500000 0.498731 1.000000 0.601523
8 0.500000 0.498731 1.000000 0.601523
8 0.500000 0.498731 1.000000 0.601523
8 0.500000 0.498731 1.000000 0.601523
8 0.500000 0.498731 1.000000 0.601523
0 0.500000 0.498731 1.000000 0.601523
8 0.500000 0.498731 1.000000 0.601523
8 0.500000 0.498731 1.000000 0.601523
8 0.500000 0.498731 1.000000 0.601523
8 0.500000 0.498731 1.000000 0.601523
0 0.500000 0.500000 0.500000 0.502538
3 0.500000 0.149746 0.800000 0.299492
3 0.500000 0.149746 0.800000 0.299492
8 0.500000 0.498731 1.000000 0.601523
8 0.500000 0.498731 1.000000 0.601523
3 0.500000 0.149746 0.800000 0.299492
8 0.500000 0.498731 1.000000 0.601523
8 0.500000 0.498731 1.000000 0.601523
8 0.500000 0.498731 1.000000 0.601523
1 0.500000 0.500000 0.500000 0.502538
1 0.500000 0.500000 0.500000 0.502538
1 0.500000 0.500000 0.500000 0.502538
1 0.500000 0.500000 0.500000 0.502538
1 0.500000 0.500000 0.500000 0.502538
1 0.500000 0.500000 0.500000 0.502538
1 0.500000 0.500000 0.500000 0.502538
8 0.500000 0.498731 1.000000 0.601523
8 0.500000 0.498731 1.000000 0.601523
8 0.500000 0.498731 1.000000 0.601523
8 0.500000 0.498731 1.000000 0.601523
8 0.500000 0.498731 1.000000 0.601523
8 0.500000 0.498731 1.000000 0.601523
8 0.500000 0.498731 1.000000 0.601523
8 0.500000 0.498731 1.000000 0.601523
8 0.500000 0.498731 1.000000 0.601523
8 0.500000 0.498731 1.000000 0.601523
0 0.500000 0.500000 0.500000 0.502538
0 0.500000 0.500000 0.500000 0.502538
0 0.500000 0.500000 0.500000 0.502538
0 0.500000 0.500000 0.500000 0.502538
8 0.500000 0.498731 1.000000 0.601523
8 0.500000 0.498731 1.000000 0.601523
8 0.500000 0.498731 1.000000 0.601523
8 0.500000 0.498731 1.000000 0.601523
8 0.500000 0.498731 1.000000 0.601523
0 0.500000 0.500000 0.500000 0.502538
0 0.500000 0.500000 0.500000 0.502538
0 0.500000 0.500000 0.500000 0.502538
0 0.500000 0.500000 0.500000 0.502538
0 0.500000 0.500000 0.500000 0.502538
8 0.500000 0.498731 1.000000 0.601523
8 0.500000 0.498731 1.000000 0.601523
8 0.500000 0.498731 1.000000 0.601523
8 0.500000 0.498731 1.000000 0.601523
8 0.500000 0.498731 1.000000 0.601523
0 0.500000 0.500000 0.500000 0.502538
0 0.500000 0.500000 0.500000 0.502538
0 0.500000 0.500000 0.500000 0.502538
0 0.500000 0.500000 0.500000 0.502538
0 0.500000 0.500000 0.500000 0.502538
0 0.500000 0.500000 0.500000 0.502538
8 0.500000 0.498731 1.000000 0.601523
8 0.500000 0.498731 1.000000 0.601523
8 0.500000 0.498731 1.000000 0.601523
8 0.500000 0.498731 1.000000 0.601523
8 0.500000 0.498731 1.000000 0.601523
8 0.500000 0.498731 1.000000 0.601523
8 0.500000 0.498731 1.000000 0.601523
8 0.500000 0.498731 1.000000 0.601523
8 0.500000 0.498731 1.000000 0.601523
8 0.500000 0.498731 1.000000 0.601523
8 0.500000 0.498731 1.000000 0.601523
8 0.500000 0.498731 1.000000 0.601523
8 0.500000 0.498731 1.000000 0.601523
8 0.500000 0.498731 1.000000 0.601523
8 0.500000 0.498731 1.000000 0.601523
8 0.500000 0.498731 1.000000 0.601523
8 0.500000 0.498731 1.000000 0.601523
8 0.500000 0.498731 1.000000 0.601523
8 0.500000 0.498731 1.000000 0.601523
8 0.500000 0.498731 1.000000 0.601523
8 0.500000 0.498731 1.000000 0.601523
8 0.500000 0.498731 1.000000 0.601523
0 0.500000 0.498731 1.000000 0.601523
0 0.500000 0.498731 1.000000 0.601523
0 0.500000 0.498731 1.000000 0.601523
0 0.500000 0.498731 1.000000 0.601523
8 0.500000 0.498731 1.000000 0.601523
8 0.500000 0.498731 1.000000 0.601523
8 0.500000 0.498731 1.000000 0.601523
8 0.500000 0.498731 1.000000 0.601523
8 0.500000 0.498731 1.000000 0.601523
8 0.500000 0.498731 1.000000 0.601523
8 0.500000 0.498731 1.000000 0.601523
8 0.500000 0.498731 1.000000 0.601523
8 0.500000 0.498731 1.000000 0.601523
0 0.500000 0.500000 0.500000 0.502538
0 0.500000 0.498731 1.000000 0.601523
0 0.500000 0.498731 1.000000 0.601523
0 0.500000 0.498731 1.000000 0.601523
0 0.500000 0.498731 1.000000 0.601523
0 0.500000 0.498731 1.000000 0.601523
0 0.500000 0.500000 0.500000 0.502538
0 0.500000 0.498731 1.000000 0.601523
0 0.500000 0.498731 1.000000 0.601523
0 0.500000 0.498731 1.000000 0.601523
0 0.500000 0.498731 1.000000 0.601523
0 0.500000 0.498731 1.000000 0.601523
0 0.500000 0.498731 1.000000 0.601523
0 0.500000 0.498731 1.000000 0.601523
0 0.500000 0.498731 1.000000 0.601523
0 0.500000 0.498731 1.000000 0.601523
0 0.500000 0.498731 1.000000 0.601523
0 0.500000 0.498731 1.000000 0.601523
0 0.500000 0.500000 0.500000 0.502538
0 0.500000 0.500000 0.500000 0.502538
0 0.500000 0.500000 0.500000 0.502538
0 0.500000 0.500000 0.500000 0.502538
0 0.500000 0.500000 0.500000 0.502538
0 0.500000 0.500000 0.500000 0.502538
0 0.500000 0.500000 0.500000 0.502538
0 0.500000 0.500000 0.500000 0.502538
0 0.500000 0.500000 0.500000 0.502538
0 0.500000 0.500000 0.500000 0.502538
0 0.500000 0.498731 1.000000 0.601523
0 0.500000 0.498731 1.000000 0.601523
0 0.500000 0.498731 1.000000 0.601523
0 0.500000 0.498731 1.000000 0.601523
0 0.500000 0.500000 0.500000 0.502538
0 0.500000 0.500000 0.500000 0.502538
0 0.500000 0.500000 0.500000 0.502538
0 0.500000 0.500000 0.500000 0.502538
0 0.500000 0.500000 0.500000 0.502538
0 0.500000 0.500000 0.500000 0.502538
0 0.500000 0.500000 0.500000 0.502538
0 0.500000 0.500000 0.500000 0.502538
0 0.500000 0.500000 0.500000 0.502538
0 0.500000 0.500000 0.500000 0.502538
0 0.500000 0.498731 1.000000 0.601523
0 0.500000 0.498731 0.600000 0.398477
0 0.500000 0.498731 0.600000 0.398477
0 0.500000 0.498731 0.600000 0.398477
0 0.500000 0.498731 0.600000 0.398477
0 0.500000 0.498731 1.000000 0.601523
0 0.500000 0.498731 1.000000 0.601523
0 0.500000 0.500000 0.500000 0.502538
0 0.500000 0.500000 0.500000 0.502538
0 0.500000 0.500000 0.500000 0.502538
0 0.500000 0.500000 0.500000 0.502538
0 0.500000 0.500000 0.500000 0.502538
0 0.500000 0.500000 0.500000 0.502538
0 0.500000 0.500000 0.500000 0.502538
0 0.500000 0.500000 0.500000 0.502538
0 0.500000 0.500000 0.500000 0.502538
0 0.500000 0.500000 0.500000 0.502538
0 0.500000 0.500000 0.500000 0.502538
0 0.500000 0.498731 1.000000 0.601523
0 0.500000 0.500000 0.500000 0.502538
0 0.500000 0.500000 0.500000 0.502538
0 0.500000 0.498731 1.000000 0.601523
0 0.500000 0.498731 1.000000 0.601523
0 0.500000 0.498731 1.000000 0.601523
0 0.500000 0.498731 1.000000 0.601523
0 0.500000 0.498731 1.000000 0.601523
0 0.500000 0.498731 1.000000 0.601523
0 0.500000 0.498731 1.000000 0.601523
0 0.500000 0.498731 1.000000 0.601523
0 0.500000 0.500000 0.500000 0.502538
0 0.500000 0.500000 0.500000 0.502538
0 0.500000 0.500000 0.500000 0.502538
0 0.500000 0.500000 0.500000 0.502538
0 0.500000 0.500000 0.500000 0.502538
0 0.500000 0.500000 0.500000 0.502538
0 0.500000 0.500000 0.500000 0.502538
0 0.500000 0.500000 0.500000 0.502538
0 0.500000 0.500000 0.500000 0.502538
0 0.500000 0.500000 0.500000 0.502538
0 0.500000 0.500000 0.500000 0.502538
0 0.500000 0.500000 0.500000 0.502538
0 0.500000 0.500000 0.500000 0.502538
0 0.500000 0.500000 0.500000 0.502538
0 0.500000 0.500000 0.500000 0.502538
0 0.500000 0.500000 0.500000 0.502538
0 0.500000 0.498731 1.000000 0.601523
0 0.500000 0.500000 0.500000 0.502538
0 0.500000 0.500000 0.500000 0.502538
0 0.500000 0.500000 0.500000 0.502538
0 0.500000 0.500000 0.500000 0.502538
0 0.500000 0.500000 0.500000 0.502538
0 0.500000 0.500000 0.500000 0.502538
0 0.500000 0.500000 0.500000 0.502538
0 0.500000 0.500000 0.500000 0.502538
0 0.500000 0.500000 0.500000 0.502538
0 0.500000 0.500000 0.500000 0.502538
0 0.500000 0.500000 0.500000 0.502538
0 0.500000 0.500000 0.500000 0.502538
0 0.500000 0.500000 0.500000 0.502538
0 0.500000 0.500000 0.500000 0.502538
0 0.500000 0.500000 0.500000 0.502538
0 0.500000 0.500000 0.500000 0.502538
0 0.500000 0.500000 0.500000 0.502538
0 0.500000 0.500000 0.500000 0.502538
0 0.500000 0.500000 0.500000 0.502538
0 0.500000 0.500000 0.500000 0.502538
0 0.500000 0.500000 0.500000 0.502538
0 0.500000 0.500000 0.500000 0.502538
0 0.500000 0.500000 0.500000 0.502538
0 0.500000 0.500000 0.500000 0.502538
0 0.500000 0.500000 0.500000 0.502538
0 0.500000 0.500000 0.500000 0.502538
0 0.500000 0.498731 1.000000 0.601523
0 0.500000 0.498731 1.000000 0.601523
0 0.500000 0.498731 1.000000 0.601523
0 0.500000 0.498731 1.000000 0.601523
8 0.500000 0.498731 1.000000 0.601523
8 0.500000 0.498731 1.000000 0.601523
8 0.500000 0.498731 1.000000 0.601523
8 0.500000 0.498731 1.000000 0.601523
8 0.500000 0.498731 1.000000 0.601523
8 0.500000 0.498731 1.000000 0.601523
0 0.500000 0.498731 1.000000 0.601523
0 0.500000 0.498731 1.000000 0.601523
0 0.500000 0.498731 1.000000 0.601523
0 0.500000 0.498731 1.000000 0.601523
0 0.500000 0.498731 1.000000 0.601523
0 0.500000 0.498731 1.000000 0.601523
0 0.500000 0.498731 1.000000 0.601523
0 0.500000 0.500000 0.500000 0.502538
0 0.500000 0.500000 0.500000 0.502538
0 0.500000 0.500000 0.500000 0.502538
0 0.500000 0.500000 0.500000 0.502538
0 0.500000 0.500000 0.500000 0.502538
0 0.500000 0.500000 0.500000 0.502538
0 0.500000 0.500000 0.500000 0.502538
0 0.500000 0.500000 0.500000 0.502538
0 0.500000 0.500000 0.500000 0.502538
0 0.500000 0.500000 0.500000 0.502538
0 0.500000 0.500000 0.500000 0.502538
0 0.500000 0.500000 0.500000 0.502538
0 0.500000 0.500000 0.500000 0.502538
0 0.500000 0.500000 0.500000 0.502538
0 0.500000 0.500000 0.500000 0.502538
0 0.500000 0.500000 0.500000 0.502538
0 0.500000 0.500000 0.500000 0.502538
0 0.500000 0.500000 0.500000 0.502538
0 0.500000 0.500000 0.500000 0.502538
0 0.500000 0.500000 0.500000 0.502538
0 0.500000 0.500000 0.500000 0.502538
0 0.500000 0.500000 0.500000 0.502538
0 0.500000 0.500000 0.500000 0.502538
0 0.500000 0.500000 0.500000 0.502538
0 0.500000 0.500000 0.500000 0.502538
0 0.500000 0.500000 0.500000 0.502538
0 0.500000 0.500000 0.500000 0.502538
0 0.500000 0.500000 0.500000 0.502538
0 0.500000 0.500000 0.500000 0.502538
0 0.500000 0.500000 0.500000 0.502538
0 0.500000 0.500000 0.500000 0.502538
0 0.500000 0.500000 0.500000 0.502538
0 0.500000 0.500000 0.500000 0.502538
0 0.500000 0.500000 0.500000 0.502538
0 0.500000 0.500000 0.500000 0.502538
0 0.500000 0.500000 0.500000 0.502538
0 0.500000 0.500000 0.500000 0.502538
0 0.500000 0.500000 0.500000 0.502538
0 0.500000 0.500000 0.500000 0.502538
0 0.500000 0.500000 0.500000 0.502538
0 0.500000 0.500000 0.500000 0.502538
0 0.500000 0.498731 1.000000 0.601523
0 0.500000 0.498731 1.000000 0.601523
0 0.500000 0.498731 1.000000 0.601523
0 0.500000 0.498731 1.000000 0.601523
0 0.500000 0.498731 1.000000 0.601523
0 0.500000 0.498731 1.000000 0.601523
0 0.500000 0.498731 1.000000 0.601523
0 0.500000 0.498731 1.000000 0.601523
0 0.500000 0.498731 1.000000 0.601523
0 0.500000 0.500000 0.500000 0.502538
0 0.500000 0.500000 0.500000 0.502538
0 0.500000 0.500000 0.500000 0.502538
0 0.500000 0.500000 0.500000 0.502538
0 0.500000 0.498731 0.600000 0.398477
0 0.500000 0.498731 1.000000 0.601523
0 0.500000 0.498731 1.000000 0.601523
0 0.500000 0.498731 1.000000 0.601523
0 0.500000 0.498731 1.000000 0.601523
0 0.500000 0.498731 1.000000 0.601523
0 0.500000 0.498731 1.000000 0.601523
0 0.500000 0.498731 1.000000 0.601523
0 0.500000 0.498731 1.000000 0.601523
0 0.500000 0.498731 1.000000 0.601523
0 0.500000 0.498731 1.000000 0.601523
0 0.500000 0.498731 1.000000 0.601523
0 0.500000 0.498731 1.000000 0.601523
0 0.500000 0.498731 1.000000 0.601523
0 0.500000 0.498731 1.000000 0.601523
5 0.499286 0.648477 0.398571 0.500000
5 0.499286 0.648477 0.398571 0.500000
0 0.500000 0.500000 0.500000 0.502538
0 0.500000 0.498731 1.000000 0.601523
0 0.500000 0.498731 1.000000 0.601523
8 0.500000 0.498731 1.000000 0.601523
0 0.500000 0.500000 0.500000 0.502538
0 0.500000 0.500000 0.500000 0.502538
0 0.500000 0.500000 0.500000 0.502538
8 0.500000 0.498731 1.000000 0.601523
8 0.500000 0.498731 1.000000 0.601523
8 0.500000 0.498731 1.000000 0.601523
8 0.500000 0.498731 1.000000 0.601523
8 0.500000 0.498731 1.000000 0.601523
0 0.500000 0.500000 0.500000 0.502538
0 0.500000 0.498731 1.000000 0.601523
3 0.500000 0.500000 0.500000 0.502538
6 0.500000 0.498731 1.000000 0.601523
3 0.500000 0.149746 0.800000 0.299492
0 0.500000 0.500000 0.500000 0.502538
0 0.500000 0.498731 1.000000 0.601523
0 0.500000 0.149746 0.800000 0.299492
0 0.500000 0.498731 1.000000 0.601523
0 0.500000 0.498731 1.000000 0.601523
0 0.500000 0.498731 1.000000 0.601523
0 0.500000 0.498731 1.000000 0.601523
0 0.500000 0.498731 1.000000 0.601523
0 0.500000 0.498731 1.000000 0.601523
0 0.500000 0.498731 1.000000 0.601523
0 0.500000 0.500000 0.500000 0.502538
0 0.500000 0.500000 0.500000 0.502538
0 0.500000 0.500000 0.500000 0.502538
0 0.500000 0.500000 0.500000 0.502538
0 0.500000 0.500000 0.500000 0.502538
0 0.500000 0.500000 0.500000 0.502538
0 0.500000 0.500000 0.500000 0.502538
0 0.500000 0.500000 0.500000 0.502538
0 0.500000 0.500000 0.500000 0.502538
0 0.500000 0.500000 0.500000 0.502538
0 0.500000 0.500000 0.500000 0.502538
0 0.500000 0.500000 0.500000 0.502538
0 0.500000 0.500000 0.500000 0.502538
0 0.500000 0.500000 0.500000 0.502538
0 0.500000 0.498731 1.000000 0.601523
0 0.500000 0.498731 1.000000 0.601523
0 0.500000 0.500000 0.500000 0.502538
0 0.500000 0.500000 0.500000 0.502538
0 0.500000 0.498731 1.000000 0.601523
0 0.500000 0.498731 1.000000 0.601523
0 0.500000 0.498731 1.000000 0.601523
0 0.500000 0.498731 1.000000 0.601523
0 0.500000 0.498731 1.000000 0.601523
0 0.500000 0.498731 1.000000 0.601523
0 0.500000 0.498731 1.000000 0.601523
0 0.500000 0.498731 1.000000 0.601523
0 0.500000 0.500000 0.500000 0.502538
0 0.500000 0.498731 1.000000 0.601523
0 0.500000 0.498731 1.000000 0.601523
0 0.500000 0.498731 1.000000 0.601523
0 0.500000 0.498731 1.000000 0.601523
0 0.500000 0.498731 1.000000 0.601523
0 0.500000 0.500000 0.500000 0.502538
0 0.500000 0.500000 0.500000 0.502538
0 0.500000 0.500000 0.500000 0.502538
0 0.500000 0.500000 0.500000 0.502538
0 0.500000 0.500000 0.500000 0.502538
0 0.500000 0.500000 0.500000 0.502538
0 0.500000 0.500000 0.500000 0.502538
0 0.500000 0.500000 0.500000 0.502538
0 0.500000 0.498731 1.000000 0.601523
3 0.500000 0.149746 0.800000 0.299492
3 0.500000 0.149746 0.800000 0.299492
3 0.500000 0.149746 0.800000 0.299492
3 0.500000 0.149746 0.800000 0.299492
3 0.500000 0.149746 0.800000 0.299492
3 0.500000 0.149746 0.800000 0.299492
3 0.500000 0.149746 0.800000 0.299492
3 0.500000 0.149746 0.800000 0.299492
3 0.500000 0.149746 0.800000 0.299492
3 0.500000 0.149746 0.800000 0.299492
3 0.500000 0.149746 0.800000 0.299492
3 0.500000 0.149746 0.800000 0.299492
3 0.500000 0.149746 0.800000 0.299492
3 0.500000 0.149746 0.800000 0.299492
3 0.500000 0.149746 0.800000 0.299492
3 0.500000 0.149746 0.800000 0.299492
3 0.500000 0.149746 0.800000 0.299492
3 0.500000 0.149746 0.800000 0.299492
3 0.500000 0.149746 0.800000 0.299492
3 0.500000 0.149746 0.800000 0.299492
3 0.500000 0.149746 0.800000 0.299492
3 0.500000 0.149746 0.800000 0.299492
3 0.500000 0.149746 0.800000 0.299492
3 0.500000 0.149746 0.800000 0.299492
3 0.500000 0.149746 0.800000 0.299492
3 0.500000 0.149746 0.800000 0.299492
3 0.500000 0.149746 0.800000 0.299492
3 0.500000 0.149746 0.800000 0.299492
3 0.500000 0.149746 0.800000 0.299492
3 0.500000 0.149746 0.800000 0.299492
0 0.500000 0.498731 1.000000 0.601523
0 0.500000 0.498731 1.000000 0.601523
0 0.500000 0.498731 1.000000 0.601523
0 0.500000 0.498731 1.000000 0.601523
0 0.500000 0.498731 1.000000 0.601523
0 0.500000 0.498731 1.000000 0.601523
0 0.500000 0.498731 1.000000 0.601523
0 0.500000 0.498731 1.000000 0.601523
0 0.500000 0.498731 1.000000 0.601523
0 0.500000 0.498731 1.000000 0.601523
8 0.500000 0.498731 1.000000 0.601523
8 0.500000 0.498731 1.000000 0.601523
8 0.500000 0.498731 1.000000 0.601523
8 0.500000 0.498731 1.000000 0.601523
8 0.500000 0.498731 1.000000 0.601523
0 0.500000 0.500000 0.500000 0.502538
0 0.500000 0.498731 1.000000 0.601523
0 0.500000 0.498731 1.000000 0.601523
0 0.500000 0.498731 1.000000 0.601523
0 0.500000 0.498731 1.000000 0.601523
0 0.500000 0.498731 1.000000 0.601523
0 0.500000 0.498731 1.000000 0.601523
8 0.500000 0.498731 1.000000 0.601523
0 0.500000 0.500000 0.500000 0.502538
0 0.500000 0.500000 0.500000 0.502538
0 0.500000 0.500000 0.500000 0.502538
0 0.500000 0.500000 0.500000 0.502538
0 0.500000 0.500000 0.500000 0.502538
0 0.500000 0.500000 0.500000 0.502538
0 0.500000 0.500000 0.500000 0.502538
8 0.500000 0.498731 1.000000 0.601523
0 0.500000 0.500000 0.500000 0.502538
4 0.500000 0.498731 0.600000 0.398477
4 0.500000 0.498731 0.600000 0.398477
4 0.500000 0.498731 0.600000 0.398477
0 0.500000 0.500000 0.500000 0.502538
0 0.500000 0.500000 0.500000 0.502538
0 0.500000 0.500000 0.500000 0.502538
0 0.500000 0.500000 0.500000 0.502538
3 0.500000 0.149746 0.800000 0.299492
3 0.500000 0.149746 0.800000 0.299492
3 0.500000 0.149746 0.800000 0.299492
3 0.500000 0.149746 0.800000 0.299492
0 0.500000 0.500000 0.500000 0.502538
0 0.500000 0.498731 1.000000 0.601523
0 0.500000 0.498731 1.000000 0.601523
0 0.500000 0.500000 0.500000 0.502538
0 0.500000 0.498731 1.000000 0.601523
7 0.500000 0.498731 1.000000 0.601523
7 0.500000 0.498731 1.000000 0.601523
7 0.500000 0.498731 1.000000 0.601523
0 0.500000 0.498731 1.000000 0.601523
0 0.500000 0.498731 1.000000 0.601523
0 0.500000 0.498731 1.000000 0.601523
0 0.500000 0.498731 1.000000 0.601523
0 0.500000 0.498731 1.000000 0.601523
0 0.500000 0.498731 1.000000 0.601523
8 0.500000 0.498731 1.000000 0.601523
7 0.500000 0.500000 0.500000 0.502538
0 0.500000 0.500000 0.500000 0.502538
0 0.500000 0.500000 0.500000 0.502538
0 0.500000 0.500000 0.500000 0.502538
0 0.500000 0.500000 0.500000 0.502538
0 0.500000 0.500000 0.500000 0.502538
7 0.500000 0.500000 0.500000 0.502538
0 0.500000 0.500000 0.500000 0.502538
0 0.500000 0.500000 0.500000 0.502538
0 0.500000 0.500000 0.500000 0.502538
0 0.500000 0.500000 0.500000 0.502538
0 0.500000 0.500000 0.500000 0.502538
0 0.500000 0.500000 0.500000 0.502538
0 0.500000 0.500000 0.500000 0.502538
0 0.500000 0.500000 0.500000 0.502538
0 0.500000 0.500000 0.500000 0.502538
0 0.500000 0.500000 0.500000 0.502538
