0 0.500000 0.500000 0.500000 0.502959
0 0.500000 0.500000 0.500000 0.502959
0 0.500000 0.500000 0.500000 0.502959
0 0.500000 0.500000 0.500000 0.502959
0 0.500000 0.500000 0.500000 0.502959
8 0.500000 0.498521 1.000000 0.600592
8 0.500000 0.498521 1.000000 0.600592
8 0.500000 0.498521 1.000000 0.600592
8 0.500000 0.498521 1.000000 0.600592
8 0.500000 0.498521 1.000000 0.600592
0 0.500000 0.498521 1.000000 0.600592
0 0.500000 0.498521 1.000000 0.600592
0 0.500000 0.498521 1.000000 0.600592
0 0.500000 0.498521 1.000000 0.600592
3 0.500000 0.149408 0.800000 0.298817
3 0.500000 0.149408 0.800000 0.298817
3 0.500000 0.149408 0.800000 0.298817
3 0.500000 0.149408 0.800000 0.298817
3 0.500000 0.149408 0.800000 0.298817
3 0.500000 0.149408 0.800000 0.298817
