1 0.500000 0.500000 0.501081 0.500000
1 0.500000 0.500000 0.501081 0.500000
1 0.500000 0.500000 0.501081 0.500000
1 0.500000 0.500000 0.501081 0.500000
1 0.500000 0.500000 0.501081 0.500000
1 0.500000 0.500000 0.501081 0.500000
0 0.500000 0.500000 0.501081 0.500000
0 0.500000 0.500000 0.501081 0.500000
0 0.500000 0.500000 0.501081 0.500000
0 0.500000 0.500000 0.501081 0.500000
0 0.500000 0.500000 0.501081 0.500000
0 0.500000 0.500000 0.501081 0.500000
8 0.500000 0.499199 1.000000 0.600962
8 0.500000 0.499199 1.000000 0.600962
8 0.500000 0.499199 1.000000 0.600962
8 0.500000 0.499199 1.000000 0.600962
8 0.500000 0.499199 1.000000 0.600962
8 0.500000 0.499199 1.000000 0.600962
3 0.499640 0.149840 0.800288 0.299679
3 0.499640 0.149840 0.800288 0.299679
3 0.499640 0.149840 0.800288 0.299679
3 0.499640 0.149840 0.800288 0.299679
3 0.499640 0.149840 0.800288 0.299679
3 0.499640 0.149840 0.800288 0.299679
