8 0.500000 0.498747 1.000000 0.601504
8 0.500000 0.498747 1.000000 0.601504
8 0.500000 0.498747 1.000000 0.601504
8 0.500000 0.498747 1.000000 0.601504
8 0.500000 0.498747 1.000000 0.601504
8 0.500000 0.498747 1.000000 0.601504
8 0.500000 0.498747 1.000000 0.601504
8 0.500000 0.498747 1.000000 0.601504
8 0.500000 0.498747 1.000000 0.601504
8 0.500000 0.498747 1.000000 0.601504
8 0.500000 0.498747 1.000000 0.601504
0 0.500000 0.498747 1.000000 0.601504
0 0.500000 0.498747 1.000000 0.601504
0 0.500000 0.498747 1.000000 0.601504
0 0.500000 0.498747 1.000000 0.601504
0 0.500000 0.498747 1.000000 0.601504
0 0.500000 0.498747 1.000000 0.601504
0 0.500000 0.498747 1.000000 0.601504
3 0.500000 0.149123 0.800000 0.298246
3 0.500000 0.149123 0.800000 0.298246
3 0.500000 0.149123 0.800000 0.298246
0 0.500000 0.498747 1.000000 0.601504
0 0.500000 0.498747 1.000000 0.601504
0 0.500000 0.498747 1.000000 0.601504
0 0.500000 0.498747 1.000000 0.601504
0 0.500000 0.498747 1.000000 0.601504
4 0.500000 0.498747 0.600000 0.401003
4 0.500000 0.498747 0.600000 0.401003
4 0.500000 0.498747 0.600000 0.401003
4 0.500000 0.498747 0.600000 0.401003
4 0.500000 0.498747 0.600000 0.401003
4 0.500000 0.498747 0.600000 0.401003
4 0.500000 0.498747 0.600000 0.401003
4 0.500000 0.498747 0.600000 0.401003
4 0.500000 0.498747 0.600000 0.401003
4 0.500000 0.498747 0.600000 0.401003
4 0.500000 0.498747 0.600000 0.401003
4 0.500000 0.498747 0.600000 0.401003
4 0.500000 0.498747 0.600000 0.401003
4 0.500000 0.498747 0.600000 0.401003
4 0.500000 0.498747 0.600000 0.401003
4 0.500000 0.498747 0.600000 0.401003
4 0.500000 0.498747 0.600000 0.401003
4 0.500000 0.498747 0.600000 0.401003
0 0.500000 0.500000 0.500000 0.503759
0 0.500000 0.500000 0.500000 0.503759
0 0.500000 0.500000 0.500000 0.503759
0 0.500000 0.500000 0.500000 0.503759
0 0.500000 0.500000 0.500000 0.503759
4 0.500000 0.498747 0.600000 0.401003
4 0.500000 0.498747 0.600000 0.401003
4 0.500000 0.498747 0.600000 0.401003
4 0.500000 0.498747 0.600000 0.401003
4 0.500000 0.498747 0.600000 0.401003
4 0.500000 0.498747 0.600000 0.401003
