0 0.500000 0.500000 0.502347 0.501285
0 0.500000 0.500000 0.502347 0.501285
0 0.500000 0.500000 0.502347 0.501285
8 0.500000 0.498715 1.000000 0.601542
8 0.500000 0.498715 1.000000 0.601542
8 0.500000 0.498715 1.000000 0.601542
8 0.500000 0.498715 1.000000 0.601542
8 0.500000 0.498715 1.000000 0.601542
0 0.500000 0.500000 0.502347 0.501285
0 0.500000 0.500000 0.502347 0.501285
0 0.500000 0.500000 0.502347 0.501285
0 0.500000 0.500000 0.502347 0.501285
0 0.500000 0.500000 0.502347 0.501285
0 0.500000 0.500000 0.502347 0.501285
0 0.500000 0.500000 0.502347 0.501285
0 0.500000 0.500000 0.502347 0.501285
0 0.500000 0.500000 0.502347 0.501285
3 0.499218 0.149100 0.801252 0.298201
3 0.499218 0.149100 0.801252 0.298201
3 0.499218 0.149100 0.801252 0.298201
