1 0.500000 0.500000 0.502146 0.500000
1 0.500000 0.500000 0.502146 0.500000
1 0.500000 0.500000 0.502146 0.500000
1 0.500000 0.500000 0.502146 0.500000
1 0.500000 0.500000 0.502146 0.500000
1 0.500000 0.500000 0.502146 0.500000
8 0.500000 0.500000 1.000000 0.600000
8 0.500000 0.500000 1.000000 0.600000
8 0.500000 0.500000 1.000000 0.600000
8 0.500000 0.500000 1.000000 0.600000
8 0.500000 0.500000 1.000000 0.600000
8 0.500000 0.500000 1.000000 0.600000
8 0.500000 0.500000 1.000000 0.600000
0 0.500000 0.500000 0.502146 0.500000
0 0.500000 0.500000 0.502146 0.500000
0 0.500000 0.500000 0.502146 0.500000
0 0.500000 0.500000 0.502146 0.500000
0 0.500000 0.500000 0.502146 0.500000
0 0.500000 0.500000 0.502146 0.500000
0 0.500000 0.500000 0.502146 0.500000
0 0.500000 0.500000 0.502146 0.500000
0 0.500000 0.500000 0.502146 0.500000
0 0.500000 0.500000 1.000000 0.600000
0 0.500000 0.500000 1.000000 0.600000
0 0.500000 0.500000 1.000000 0.600000
0 0.500000 0.500000 1.000000 0.600000
0 0.500000 0.500000 1.000000 0.600000
4 0.497854 0.500000 0.600858 0.400000
4 0.497854 0.500000 0.600858 0.400000
4 0.497854 0.500000 0.600858 0.400000
0 0.500000 0.500000 1.000000 0.600000
0 0.500000 0.500000 1.000000 0.600000
0 0.500000 0.500000 1.000000 0.600000
0 0.500000 0.500000 1.000000 0.600000
0 0.500000 0.500000 1.000000 0.600000
0 0.500000 0.500000 0.502146 0.500000
0 0.500000 0.500000 0.502146 0.500000
0 0.500000 0.500000 0.502146 0.500000
0 0.500000 0.500000 0.502146 0.500000
0 0.500000 0.500000 0.502146 0.500000
0 0.500000 0.500000 0.502146 0.500000
0 0.500000 0.500000 0.502146 0.500000
0 0.500000 0.500000 0.502146 0.500000
0 0.500000 0.500000 0.502146 0.500000
0 0.500000 0.500000 0.502146 0.500000
0 0.500000 0.500000 0.502146 0.500000
0 0.500000 0.500000 0.502146 0.500000
0 0.500000 0.500000 0.502146 0.500000
0 0.500000 0.500000 0.502146 0.500000
0 0.500000 0.500000 0.502146 0.500000
0 0.500000 0.500000 0.502146 0.500000
0 0.500000 0.500000 0.502146 0.500000
0 0.500000 0.500000 0.502146 0.500000
0 0.500000 0.500000 0.502146 0.500000
0 0.500000 0.500000 0.502146 0.500000
0 0.500000 0.500000 0.502146 0.500000
0 0.500000 0.500000 0.502146 0.500000
0 0.500000 0.500000 0.502146 0.500000
0 0.500000 0.500000 0.502146 0.500000
0 0.500000 0.500000 0.502146 0.500000
0 0.500000 0.500000 0.502146 0.500000
0 0.500000 0.500000 0.502146 0.500000
0 0.500000 0.500000 0.502146 0.500000
0 0.500000 0.500000 0.502146 0.500000
0 0.500000 0.500000 0.502146 0.500000
8 0.500000 0.500000 1.000000 0.600000
8 0.500000 0.500000 1.000000 0.600000
8 0.500000 0.500000 1.000000 0.600000
8 0.500000 0.500000 1.000000 0.600000
8 0.500000 0.500000 1.000000 0.600000
8 0.500000 0.500000 1.000000 0.600000
0 0.500000 0.500000 0.502146 0.500000
0 0.500000 0.500000 0.502146 0.500000
0 0.500000 0.500000 0.502146 0.500000
0 0.500000 0.500000 0.502146 0.500000
0 0.500000 0.500000 0.502146 0.500000
0 0.500000 0.500000 0.502146 0.500000
0 0.500000 0.500000 0.502146 0.500000
0 0.500000 0.500000 0.502146 0.500000
0 0.500000 0.500000 0.502146 0.500000
0 0.500000 0.500000 0.502146 0.500000
