0 0.500000 0.500000 0.502732 0.504587
0 0.500000 0.500000 0.502732 0.504587
0 0.500000 0.500000 0.502732 0.504587
0 0.500000 0.500000 0.502732 0.504587
8 0.500000 0.497706 1.000000 0.600917
8 0.500000 0.497706 1.000000 0.600917
8 0.500000 0.497706 1.000000 0.600917
8 0.500000 0.497706 1.000000 0.600917
8 0.500000 0.497706 1.000000 0.600917
0 0.500000 0.500000 0.502732 0.504587
0 0.500000 0.500000 0.502732 0.504587
0 0.500000 0.500000 0.502732 0.504587
0 0.500000 0.500000 0.502732 0.504587
0 0.500000 0.500000 0.502732 0.504587
0 0.500000 0.497706 1.000000 0.600917
0 0.500000 0.497706 1.000000 0.600917
0 0.500000 0.497706 1.000000 0.600917
0 0.500000 0.497706 1.000000 0.600917
0 0.500000 0.497706 1.000000 0.600917
0 0.500000 0.500000 0.502732 0.504587
0 0.500000 0.500000 0.502732 0.504587
0 0.500000 0.500000 0.502732 0.504587
0 0.500000 0.500000 0.502732 0.504587
0 0.500000 0.500000 0.502732 0.504587
0 0.500000 0.500000 0.502732 0.504587
0 0.500000 0.500000 0.502732 0.504587
0 0.500000 0.500000 0.502732 0.504587
0 0.500000 0.500000 0.502732 0.504587
0 0.500000 0.500000 0.502732 0.504587
0 0.500000 0.500000 0.502732 0.504587
0 0.500000 0.500000 0.502732 0.504587
0 0.500000 0.500000 0.502732 0.504587
0 0.500000 0.500000 0.502732 0.504587
0 0.500000 0.500000 0.502732 0.504587
0 0.500000 0.500000 0.502732 0.504587
0 0.500000 0.500000 0.502732 0.504587
0 0.500000 0.500000 0.502732 0.504587
0 0.500000 0.500000 0.502732 0.504587
0 0.500000 0.500000 0.502732 0.504587
0 0.500000 0.500000 0.502732 0.504587
0 0.500000 0.500000 0.502732 0.504587
0 0.500000 0.500000 0.502732 0.504587
0 0.500000 0.500000 0.502732 0.504587
0 0.500000 0.500000 0.502732 0.504587
0 0.500000 0.500000 0.502732 0.504587
0 0.500000 0.500000 0.502732 0.504587
0 0.500000 0.500000 0.502732 0.504587
0 0.500000 0.500000 0.502732 0.504587
0 0.500000 0.500000 0.502732 0.504587
0 0.500000 0.500000 0.502732 0.504587
0 0.500000 0.500000 0.502732 0.504587
0 0.500000 0.500000 0.502732 0.504587
0 0.500000 0.500000 0.502732 0.504587
0 0.500000 0.500000 0.502732 0.504587
0 0.500000 0.500000 0.502732 0.504587
0 0.500000 0.500000 0.502732 0.504587
0 0.500000 0.500000 0.502732 0.504587
0 0.500000 0.500000 0.502732 0.504587
