0 0.500000 0.500000 0.504854 0.500000
0 0.500000 0.500000 0.504854 0.500000
0 0.500000 0.500000 0.504854 0.500000
0 0.500000 0.500000 0.504854 0.500000
0 0.500000 0.500000 1.000000 0.600000
0 0.500000 0.500000 1.000000 0.600000
0 0.500000 0.500000 1.000000 0.600000
0 0.500000 0.500000 1.000000 0.600000
0 0.500000 0.500000 0.504854 0.500000
0 0.500000 0.500000 0.504854 0.500000
0 0.500000 0.500000 0.504854 0.500000
0 0.500000 0.500000 0.504854 0.500000
0 0.500000 0.500000 0.504854 0.500000
8 0.500000 0.500000 1.000000 0.600000
8 0.500000 0.500000 1.000000 0.600000
8 0.500000 0.500000 1.000000 0.600000
8 0.500000 0.500000 1.000000 0.600000
8 0.500000 0.500000 1.000000 0.600000
0 0.500000 0.500000 0.504854 0.500000
4 0.497573 0.500000 0.597087 0.400000
4 0.497573 0.500000 0.597087 0.400000
4 0.497573 0.500000 0.597087 0.400000
0 0.500000 0.500000 1.000000 0.600000
0 0.500000 0.500000 1.000000 0.600000
0 0.500000 0.500000 1.000000 0.600000
0 0.500000 0.500000 1.000000 0.600000
0 0.500000 0.500000 1.000000 0.600000
0 0.500000 0.500000 1.000000 0.600000
3 0.497573 0.150000 0.800971 0.300000
3 0.497573 0.150000 0.800971 0.300000
3 0.497573 0.150000 0.800971 0.300000
3 0.497573 0.150000 0.800971 0.300000
3 0.497573 0.150000 0.800971 0.300000
3 0.497573 0.150000 0.800971 0.300000
3 0.497573 0.150000 0.800971 0.300000
3 0.497573 0.150000 0.800971 0.300000
3 0.497573 0.150000 0.800971 0.300000
3 0.497573 0.150000 0.800971 0.300000
3 0.497573 0.150000 0.800971 0.300000
3 0.497573 0.150000 0.800971 0.300000
3 0.497573 0.150000 0.800971 0.300000
3 0.497573 0.150000 0.800971 0.300000
3 0.497573 0.150000 0.800971 0.300000
3 0.497573 0.150000 0.800971 0.300000
3 0.497573 0.150000 0.800971 0.300000
3 0.497573 0.150000 0.800971 0.300000
3 0.497573 0.150000 0.800971 0.300000
3 0.497573 0.150000 0.800971 0.300000
3 0.497573 0.150000 0.800971 0.300000
3 0.497573 0.150000 0.800971 0.300000
3 0.497573 0.150000 0.800971 0.300000
3 0.497573 0.150000 0.800971 0.300000
3 0.497573 0.150000 0.800971 0.300000
3 0.497573 0.150000 0.800971 0.300000
3 0.497573 0.150000 0.800971 0.300000
3 0.497573 0.150000 0.800971 0.300000
3 0.497573 0.150000 0.800971 0.300000
3 0.497573 0.150000 0.800971 0.300000
3 0.497573 0.150000 0.800971 0.300000
3 0.497573 0.150000 0.800971 0.300000
3 0.497573 0.150000 0.800971 0.300000
3 0.497573 0.150000 0.800971 0.300000
3 0.497573 0.150000 0.800971 0.300000
3 0.497573 0.150000 0.800971 0.300000
3 0.497573 0.150000 0.800971 0.300000
3 0.497573 0.150000 0.800971 0.300000
3 0.497573 0.150000 0.800971 0.300000
3 0.497573 0.150000 0.800971 0.300000
3 0.497573 0.150000 0.800971 0.300000
3 0.497573 0.150000 0.800971 0.300000
3 0.497573 0.150000 0.800971 0.300000
3 0.497573 0.150000 0.800971 0.300000
