0 0.500000 0.500000 0.505882 0.511111
0 0.500000 0.500000 0.505882 0.511111
0 0.500000 0.500000 0.505882 0.511111
8 0.500000 0.500000 1.000000 0.600000
8 0.500000 0.500000 1.000000 0.600000
8 0.500000 0.500000 1.000000 0.600000
8 0.500000 0.500000 1.000000 0.600000
8 0.500000 0.500000 1.000000 0.600000
8 0.500000 0.500000 1.000000 0.600000
8 0.500000 0.500000 1.000000 0.600000
8 0.500000 0.500000 1.000000 0.600000
0 0.500000 0.500000 0.505882 0.511111
0 0.500000 0.500000 0.505882 0.511111
0 0.500000 0.500000 0.505882 0.511111
0 0.500000 0.500000 0.505882 0.511111
0 0.500000 0.500000 1.000000 0.600000
0 0.500000 0.500000 1.000000 0.600000
0 0.500000 0.500000 1.000000 0.600000
0 0.500000 0.500000 1.000000 0.600000
0 0.500000 0.500000 1.000000 0.600000
4 0.500000 0.494444 0.600000 0.388889
4 0.500000 0.494444 0.600000 0.388889
4 0.500000 0.494444 0.600000 0.388889
3 0.500000 0.150000 0.800000 0.300000
3 0.500000 0.150000 0.800000 0.300000
3 0.500000 0.150000 0.800000 0.300000
3 0.500000 0.150000 0.800000 0.300000
3 0.500000 0.150000 0.800000 0.300000
3 0.500000 0.150000 0.800000 0.300000
3 0.500000 0.150000 0.800000 0.300000
3 0.500000 0.150000 0.800000 0.300000
3 0.500000 0.150000 0.800000 0.300000
3 0.500000 0.150000 0.800000 0.300000
3 0.500000 0.150000 0.800000 0.300000
3 0.500000 0.150000 0.800000 0.300000
3 0.500000 0.150000 0.800000 0.300000
3 0.500000 0.150000 0.800000 0.300000
3 0.500000 0.150000 0.800000 0.300000
3 0.500000 0.150000 0.800000 0.300000
3 0.500000 0.150000 0.800000 0.300000
3 0.500000 0.150000 0.800000 0.300000
3 0.500000 0.150000 0.800000 0.300000
3 0.500000 0.150000 0.800000 0.300000
3 0.500000 0.150000 0.800000 0.300000
3 0.500000 0.150000 0.800000 0.300000
3 0.500000 0.150000 0.800000 0.300000
3 0.500000 0.150000 0.800000 0.300000
3 0.500000 0.150000 0.800000 0.300000
3 0.500000 0.150000 0.800000 0.300000
3 0.500000 0.150000 0.800000 0.300000
3 0.500000 0.150000 0.800000 0.300000
3 0.500000 0.150000 0.800000 0.300000
3 0.500000 0.150000 0.800000 0.300000
3 0.500000 0.150000 0.800000 0.300000
3 0.500000 0.150000 0.800000 0.300000
3 0.500000 0.150000 0.800000 0.300000
3 0.500000 0.150000 0.800000 0.300000
3 0.500000 0.150000 0.800000 0.300000
3 0.500000 0.150000 0.800000 0.300000
3 0.500000 0.150000 0.800000 0.300000
3 0.500000 0.150000 0.800000 0.300000
3 0.500000 0.150000 0.800000 0.300000
3 0.500000 0.150000 0.800000 0.300000
3 0.500000 0.150000 0.800000 0.300000
3 0.500000 0.150000 0.800000 0.300000
3 0.500000 0.150000 0.800000 0.300000
3 0.500000 0.150000 0.800000 0.300000
3 0.500000 0.150000 0.800000 0.300000
3 0.500000 0.150000 0.800000 0.300000
3 0.500000 0.150000 0.800000 0.300000
3 0.500000 0.150000 0.800000 0.300000
3 0.500000 0.150000 0.800000 0.300000
3 0.500000 0.150000 0.800000 0.300000
3 0.500000 0.150000 0.800000 0.300000
3 0.500000 0.150000 0.800000 0.300000
3 0.500000 0.150000 0.800000 0.300000
3 0.500000 0.150000 0.800000 0.300000
