0 0.498881 0.498328 0.599553 0.401338
8 0.500000 0.498328 1.000000 0.602007
0 0.500000 0.498328 1.000000 0.602007
0 0.500000 0.498328 1.000000 0.602007
0 0.500000 0.498328 1.000000 0.602007
0 0.500000 0.498328 1.000000 0.602007
0 0.500000 0.498328 1.000000 0.602007
0 0.500000 0.498328 1.000000 0.602007
0 0.500000 0.498328 1.000000 0.602007
8 0.500000 0.498328 1.000000 0.602007
0 0.500000 0.500000 0.503356 0.505017
0 0.500000 0.498328 1.000000 0.602007
0 0.500000 0.498328 1.000000 0.602007
0 0.500000 0.498328 1.000000 0.602007
0 0.500000 0.498328 1.000000 0.602007
0 0.500000 0.498328 1.000000 0.602007
0 0.500000 0.498328 1.000000 0.602007
0 0.500000 0.498328 1.000000 0.602007
0 0.500000 0.498328 1.000000 0.602007
8 0.500000 0.498328 1.000000 0.602007
0 0.500000 0.500000 0.503356 0.505017
0 0.500000 0.500000 0.503356 0.505017
0 0.500000 0.500000 0.503356 0.505017
0 0.500000 0.500000 0.503356 0.505017
0 0.500000 0.500000 0.503356 0.505017
0 0.500000 0.500000 0.503356 0.505017
0 0.500000 0.500000 0.503356 0.505017
0 0.500000 0.500000 0.503356 0.505017
8 0.500000 0.498328 1.000000 0.602007
8 0.500000 0.498328 1.000000 0.602007
8 0.500000 0.498328 1.000000 0.602007
8 0.500000 0.498328 1.000000 0.602007
8 0.500000 0.498328 1.000000 0.602007
8 0.500000 0.498328 1.000000 0.602007
8 0.500000 0.498328 1.000000 0.602007
8 0.500000 0.498328 1.000000 0.602007
1 0.500000 0.500000 0.503356 0.505017
8 0.500000 0.498328 1.000000 0.602007
0 0.500000 0.500000 0.503356 0.505017
0 0.500000 0.500000 0.503356 0.505017
0 0.500000 0.500000 0.503356 0.505017
1 0.500000 0.500000 0.503356 0.505017
0 0.500000 0.500000 0.503356 0.505017
0 0.500000 0.500000 0.503356 0.505017
0 0.500000 0.500000 0.503356 0.505017
0 0.500000 0.500000 0.503356 0.505017
0 0.500000 0.500000 0.503356 0.505017
0 0.500000 0.500000 0.503356 0.505017
0 0.500000 0.500000 0.503356 0.505017
0 0.500000 0.500000 0.503356 0.505017
0 0.500000 0.500000 0.503356 0.505017
0 0.500000 0.500000 0.503356 0.505017
0 0.500000 0.500000 0.503356 0.505017
0 0.500000 0.500000 0.503356 0.505017
1 0.500000 0.500000 0.503356 0.505017
1 0.500000 0.500000 0.503356 0.505017
1 0.500000 0.500000 0.503356 0.505017
1 0.500000 0.500000 0.503356 0.505017
1 0.500000 0.500000 0.503356 0.505017
0 0.500000 0.500000 0.503356 0.505017
0 0.500000 0.500000 0.503356 0.505017
0 0.500000 0.500000 0.503356 0.505017
0 0.500000 0.500000 0.503356 0.505017
8 0.500000 0.498328 1.000000 0.602007
8 0.500000 0.498328 1.000000 0.602007
8 0.500000 0.498328 1.000000 0.602007
8 0.500000 0.498328 1.000000 0.602007
8 0.500000 0.498328 1.000000 0.602007
8 0.500000 0.498328 1.000000 0.602007
8 0.500000 0.498328 1.000000 0.602007
8 0.500000 0.498328 1.000000 0.602007
8 0.500000 0.498328 1.000000 0.602007
8 0.500000 0.498328 1.000000 0.602007
8 0.500000 0.498328 1.000000 0.602007
8 0.500000 0.498328 1.000000 0.602007
0 0.500000 0.500000 0.503356 0.505017
0 0.500000 0.500000 0.503356 0.505017
0 0.500000 0.500000 0.503356 0.505017
0 0.500000 0.500000 0.503356 0.505017
0 0.500000 0.500000 0.503356 0.505017
8 0.500000 0.498328 1.000000 0.602007
8 0.500000 0.498328 1.000000 0.602007
8 0.500000 0.498328 1.000000 0.602007
8 0.500000 0.498328 1.000000 0.602007
8 0.500000 0.498328 1.000000 0.602007
8 0.500000 0.498328 1.000000 0.602007
4 0.498881 0.498328 0.599553 0.401338
4 0.498881 0.498328 0.599553 0.401338
4 0.498881 0.498328 0.599553 0.401338
8 0.500000 0.498328 1.000000 0.602007
8 0.500000 0.498328 1.000000 0.602007
8 0.500000 0.498328 1.000000 0.602007
8 0.500000 0.498328 1.000000 0.602007
8 0.500000 0.498328 1.000000 0.602007
8 0.500000 0.498328 1.000000 0.602007
3 0.498881 0.148829 0.800895 0.297659
3 0.498881 0.148829 0.800895 0.297659
3 0.498881 0.148829 0.800895 0.297659
3 0.498881 0.148829 0.800895 0.297659
3 0.498881 0.148829 0.800895 0.297659
3 0.498881 0.148829 0.800895 0.297659
3 0.498881 0.148829 0.800895 0.297659
0 0.500000 0.500000 0.503356 0.505017
0 0.500000 0.500000 0.503356 0.505017
0 0.500000 0.498328 1.000000 0.602007
0 0.500000 0.500000 0.503356 0.505017
0 0.500000 0.500000 0.503356 0.505017
0 0.500000 0.500000 0.503356 0.505017
0 0.500000 0.500000 0.503356 0.505017
0 0.500000 0.500000 0.503356 0.505017
0 0.500000 0.500000 0.503356 0.505017
0 0.500000 0.500000 0.503356 0.505017
0 0.500000 0.500000 0.503356 0.505017
0 0.500000 0.500000 0.503356 0.505017
0 0.500000 0.500000 0.503356 0.505017
0 0.498881 0.498328 0.599553 0.401338
0 0.500000 0.500000 0.503356 0.505017
0 0.500000 0.498328 1.000000 0.602007
0 0.500000 0.498328 1.000000 0.602007
0 0.500000 0.498328 1.000000 0.602007
0 0.500000 0.498328 1.000000 0.602007
1 0.500000 0.500000 0.503356 0.505017
0 0.500000 0.498328 1.000000 0.602007
0 0.500000 0.498328 1.000000 0.602007
0 0.500000 0.498328 1.000000 0.602007
0 0.500000 0.498328 1.000000 0.602007
0 0.500000 0.498328 1.000000 0.602007
0 0.500000 0.498328 1.000000 0.602007
8 0.500000 0.498328 1.000000 0.602007
0 0.500000 0.500000 0.503356 0.505017
0 0.500000 0.500000 0.503356 0.505017
0 0.500000 0.500000 0.503356 0.505017
0 0.500000 0.500000 0.503356 0.505017
0 0.500000 0.500000 0.503356 0.505017
3 0.498881 0.148829 0.800895 0.297659
3 0.498881 0.148829 0.800895 0.297659
8 0.500000 0.498328 1.000000 0.602007
1 0.500000 0.500000 0.503356 0.505017
1 0.500000 0.500000 0.503356 0.505017
1 0.500000 0.500000 0.503356 0.505017
1 0.500000 0.500000 0.503356 0.505017
1 0.500000 0.500000 0.503356 0.505017
1 0.500000 0.500000 0.503356 0.505017
1 0.500000 0.500000 0.503356 0.505017
8 0.500000 0.498328 1.000000 0.602007
0 0.500000 0.500000 0.503356 0.505017
0 0.500000 0.500000 0.503356 0.505017
0 0.500000 0.500000 0.503356 0.505017
0 0.500000 0.500000 0.503356 0.505017
0 0.500000 0.500000 0.503356 0.505017
0 0.500000 0.500000 0.503356 0.505017
8 0.500000 0.498328 1.000000 0.602007
8 0.500000 0.498328 1.000000 0.602007
8 0.500000 0.498328 1.000000 0.602007
8 0.500000 0.498328 1.000000 0.602007
8 0.500000 0.498328 1.000000 0.602007
8 0.500000 0.498328 1.000000 0.602007
8 0.500000 0.498328 1.000000 0.602007
8 0.500000 0.498328 1.000000 0.602007
8 0.500000 0.498328 1.000000 0.602007
8 0.500000 0.498328 1.000000 0.602007
8 0.500000 0.498328 1.000000 0.602007
8 0.500000 0.498328 1.000000 0.602007
0 0.500000 0.498328 1.000000 0.602007
0 0.500000 0.498328 1.000000 0.602007
0 0.500000 0.498328 1.000000 0.602007
0 0.500000 0.498328 1.000000 0.602007
0 0.500000 0.498328 1.000000 0.602007
0 0.500000 0.498328 1.000000 0.602007
0 0.500000 0.498328 1.000000 0.602007
0 0.500000 0.498328 1.000000 0.602007
0 0.500000 0.500000 0.503356 0.505017
0 0.500000 0.500000 0.503356 0.505017
0 0.500000 0.500000 0.503356 0.505017
0 0.500000 0.500000 0.503356 0.505017
0 0.500000 0.500000 0.503356 0.505017
0 0.500000 0.498328 1.000000 0.602007
0 0.500000 0.498328 1.000000 0.602007
0 0.500000 0.498328 1.000000 0.602007
0 0.500000 0.498328 1.000000 0.602007
0 0.500000 0.498328 1.000000 0.602007
0 0.500000 0.498328 1.000000 0.602007
0 0.500000 0.498328 1.000000 0.602007
0 0.500000 0.498328 1.000000 0.602007
0 0.500000 0.498328 1.000000 0.602007
0 0.500000 0.498328 1.000000 0.602007
0 0.500000 0.498328 1.000000 0.602007
0 0.500000 0.498328 1.000000 0.602007
0 0.500000 0.498328 1.000000 0.602007
0 0.500000 0.498328 1.000000 0.602007
0 0.500000 0.498328 1.000000 0.602007
0 0.500000 0.498328 1.000000 0.602007
0 0.500000 0.498328 1.000000 0.602007
3 0.500000 0.500000 0.503356 0.505017
3 0.500000 0.500000 0.503356 0.505017
3 0.500000 0.500000 0.503356 0.505017
3 0.500000 0.500000 0.503356 0.505017
0 0.500000 0.500000 0.503356 0.505017
0 0.500000 0.500000 0.503356 0.505017
0 0.500000 0.500000 0.503356 0.505017
0 0.500000 0.500000 0.503356 0.505017
0 0.500000 0.500000 0.503356 0.505017
0 0.500000 0.498328 1.000000 0.602007
0 0.500000 0.498328 1.000000 0.602007
0 0.500000 0.498328 1.000000 0.602007
0 0.500000 0.498328 1.000000 0.602007
0 0.500000 0.498328 1.000000 0.602007
0 0.500000 0.498328 1.000000 0.602007
0 0.500000 0.500000 0.503356 0.505017
0 0.500000 0.500000 0.503356 0.505017
0 0.500000 0.500000 0.503356 0.505017
0 0.500000 0.500000 0.503356 0.505017
0 0.500000 0.500000 0.503356 0.505017
0 0.500000 0.500000 0.503356 0.505017
0 0.500000 0.500000 0.503356 0.505017
0 0.500000 0.498328 1.000000 0.602007
0 0.500000 0.498328 1.000000 0.602007
0 0.500000 0.498328 1.000000 0.602007
0 0.500000 0.498328 1.000000 0.602007
0 0.500000 0.500000 0.503356 0.505017
0 0.500000 0.500000 0.503356 0.505017
0 0.500000 0.500000 0.503356 0.505017
0 0.500000 0.500000 0.503356 0.505017
0 0.500000 0.500000 0.503356 0.505017
0 0.500000 0.500000 0.503356 0.505017
0 0.500000 0.500000 0.503356 0.505017
0 0.500000 0.500000 0.503356 0.505017
0 0.500000 0.500000 0.503356 0.505017
0 0.500000 0.500000 0.503356 0.505017
0 0.500000 0.498328 1.000000 0.602007
0 0.500000 0.500000 0.503356 0.505017
0 0.500000 0.500000 0.503356 0.505017
0 0.500000 0.500000 0.503356 0.505017
0 0.500000 0.498328 1.000000 0.602007
0 0.500000 0.498328 1.000000 0.602007
0 0.500000 0.500000 0.503356 0.505017
0 0.500000 0.500000 0.503356 0.505017
0 0.500000 0.500000 0.503356 0.505017
0 0.500000 0.500000 0.503356 0.505017
0 0.500000 0.500000 0.503356 0.505017
0 0.500000 0.500000 0.503356 0.505017
0 0.500000 0.500000 0.503356 0.505017
0 0.500000 0.500000 0.503356 0.505017
0 0.500000 0.500000 0.503356 0.505017
0 0.500000 0.500000 0.503356 0.505017
0 0.500000 0.500000 0.503356 0.505017
0 0.500000 0.498328 1.000000 0.602007
0 0.500000 0.500000 0.503356 0.505017
0 0.500000 0.500000 0.503356 0.505017
0 0.500000 0.500000 0.503356 0.505017
0 0.500000 0.500000 0.503356 0.505017
0 0.500000 0.500000 0.503356 0.505017
0 0.500000 0.500000 0.503356 0.505017
0 0.500000 0.500000 0.503356 0.505017
0 0.500000 0.500000 0.503356 0.505017
0 0.500000 0.500000 0.503356 0.505017
0 0.500000 0.500000 0.503356 0.505017
0 0.500000 0.500000 0.503356 0.505017
0 0.500000 0.500000 0.503356 0.505017
0 0.500000 0.500000 0.503356 0.505017
0 0.500000 0.500000 0.503356 0.505017
0 0.500000 0.500000 0.503356 0.505017
0 0.500000 0.500000 0.503356 0.505017
0 0.500000 0.498328 1.000000 0.602007
0 0.500000 0.500000 0.503356 0.505017
0 0.500000 0.500000 0.503356 0.505017
0 0.500000 0.500000 0.503356 0.505017
0 0.500000 0.500000 0.503356 0.505017
0 0.500000 0.500000 0.503356 0.505017
0 0.500000 0.500000 0.503356 0.505017
0 0.500000 0.500000 0.503356 0.505017
0 0.500000 0.500000 0.503356 0.505017
0 0.500000 0.500000 0.503356 0.505017
0 0.500000 0.500000 0.503356 0.505017
0 0.500000 0.500000 0.503356 0.505017
8 0.500000 0.498328 1.000000 0.602007
0 0.500000 0.498328 1.000000 0.602007
0 0.500000 0.500000 0.503356 0.505017
0 0.500000 0.500000 0.503356 0.505017
0 0.500000 0.500000 0.503356 0.505017
0 0.500000 0.500000 0.503356 0.505017
0 0.500000 0.500000 0.503356 0.505017
0 0.500000 0.500000 0.503356 0.505017
0 0.500000 0.500000 0.503356 0.505017
0 0.500000 0.500000 0.503356 0.505017
0 0.500000 0.500000 0.503356 0.505017
0 0.500000 0.500000 0.503356 0.505017
0 0.500000 0.500000 0.503356 0.505017
0 0.500000 0.500000 0.503356 0.505017
0 0.500000 0.500000 0.503356 0.505017
0 0.500000 0.500000 0.503356 0.505017
0 0.500000 0.500000 0.503356 0.505017
0 0.500000 0.500000 0.503356 0.505017
0 0.500000 0.500000 0.503356 0.505017
0 0.500000 0.500000 0.503356 0.505017
0 0.500000 0.500000 0.503356 0.505017
0 0.500000 0.500000 0.503356 0.505017
0 0.500000 0.500000 0.503356 0.505017
0 0.500000 0.500000 0.503356 0.505017
0 0.500000 0.500000 0.503356 0.505017
0 0.500000 0.500000 0.503356 0.505017
0 0.500000 0.500000 0.503356 0.505017
0 0.500000 0.500000 0.503356 0.505017
0 0.500000 0.500000 0.503356 0.505017
0 0.500000 0.500000 0.503356 0.505017
0 0.500000 0.500000 0.503356 0.505017
0 0.500000 0.500000 0.503356 0.505017
0 0.500000 0.500000 0.503356 0.505017
0 0.500000 0.500000 0.503356 0.505017
0 0.500000 0.500000 0.503356 0.505017
0 0.500000 0.500000 0.503356 0.505017
0 0.500000 0.500000 0.503356 0.505017
0 0.500000 0.500000 0.503356 0.505017
0 0.500000 0.500000 0.503356 0.505017
0 0.500000 0.500000 0.503356 0.505017
0 0.500000 0.498328 1.000000 0.602007
0 0.500000 0.498328 1.000000 0.602007
0 0.500000 0.498328 1.000000 0.602007
0 0.500000 0.498328 1.000000 0.602007
0 0.500000 0.498328 1.000000 0.602007
0 0.500000 0.498328 1.000000 0.602007
0 0.500000 0.498328 1.000000 0.602007
0 0.500000 0.498328 1.000000 0.602007
0 0.500000 0.498328 1.000000 0.602007
0 0.500000 0.498328 1.000000 0.602007
0 0.500000 0.498328 1.000000 0.602007
0 0.500000 0.498328 1.000000 0.602007
0 0.500000 0.498328 1.000000 0.602007
0 0.500000 0.498328 1.000000 0.602007
0 0.500000 0.498328 1.000000 0.602007
0 0.500000 0.498328 1.000000 0.602007
0 0.500000 0.498328 1.000000 0.602007
0 0.500000 0.498328 1.000000 0.602007
0 0.500000 0.498328 1.000000 0.602007
0 0.500000 0.498328 1.000000 0.602007
0 0.500000 0.500000 0.503356 0.505017
0 0.500000 0.500000 0.503356 0.505017
0 0.500000 0.500000 0.503356 0.505017
0 0.500000 0.500000 0.503356 0.505017
0 0.500000 0.500000 0.503356 0.505017
0 0.498881 0.498328 0.599553 0.401338
0 0.500000 0.498328 1.000000 0.602007
4 0.498881 0.498328 0.599553 0.401338
4 0.498881 0.498328 0.599553 0.401338
4 0.498881 0.498328 0.599553 0.401338
0 0.500000 0.498328 1.000000 0.602007
0 0.500000 0.498328 1.000000 0.602007
0 0.500000 0.498328 1.000000 0.602007
0 0.500000 0.498328 1.000000 0.602007
0 0.500000 0.498328 1.000000 0.602007
0 0.500000 0.498328 1.000000 0.602007
0 0.500000 0.498328 1.000000 0.602007
0 0.500000 0.498328 1.000000 0.602007
5 0.498881 0.648829 0.398210 0.501672
5 0.498881 0.648829 0.398210 0.501672
0 0.500000 0.500000 0.503356 0.505017
0 0.500000 0.500000 0.503356 0.505017
0 0.500000 0.500000 0.503356 0.505017
0 0.500000 0.500000 0.503356 0.505017
0 0.500000 0.500000 0.503356 0.505017
0 0.500000 0.500000 0.503356 0.505017
3 0.500000 0.500000 0.503356 0.505017
3 0.498881 0.148829 0.800895 0.297659
0 0.500000 0.500000 0.503356 0.505017
0 0.498881 0.148829 0.800895 0.297659
0 0.500000 0.498328 1.000000 0.602007
0 0.500000 0.498328 1.000000 0.602007
0 0.500000 0.498328 1.000000 0.602007
0 0.500000 0.498328 1.000000 0.602007
0 0.500000 0.498328 1.000000 0.602007
0 0.500000 0.498328 1.000000 0.602007
0 0.500000 0.498328 1.000000 0.602007
0 0.500000 0.498328 1.000000 0.602007
0 0.500000 0.500000 0.503356 0.505017
0 0.500000 0.500000 0.503356 0.505017
0 0.500000 0.500000 0.503356 0.505017
0 0.500000 0.500000 0.503356 0.505017
0 0.500000 0.500000 0.503356 0.505017
0 0.500000 0.500000 0.503356 0.505017
0 0.500000 0.500000 0.503356 0.505017
0 0.500000 0.500000 0.503356 0.505017
0 0.500000 0.500000 0.503356 0.505017
0 0.500000 0.500000 0.503356 0.505017
0 0.500000 0.498328 1.000000 0.602007
0 0.500000 0.500000 0.503356 0.505017
0 0.500000 0.498328 1.000000 0.602007
0 0.500000 0.498328 1.000000 0.602007
0 0.500000 0.500000 0.503356 0.505017
0 0.500000 0.500000 0.503356 0.505017
0 0.500000 0.500000 0.503356 0.505017
0 0.500000 0.500000 0.503356 0.505017
0 0.500000 0.500000 0.503356 0.505017
0 0.500000 0.500000 0.503356 0.505017
0 0.500000 0.500000 0.503356 0.505017
0 0.500000 0.498328 1.000000 0.602007
0 0.500000 0.498328 1.000000 0.602007
0 0.500000 0.498328 1.000000 0.602007
0 0.500000 0.500000 0.503356 0.505017
0 0.500000 0.500000 0.503356 0.505017
0 0.500000 0.500000 0.503356 0.505017
0 0.500000 0.500000 0.503356 0.505017
0 0.500000 0.500000 0.503356 0.505017
0 0.500000 0.500000 0.503356 0.505017
0 0.500000 0.500000 0.503356 0.505017
0 0.500000 0.498328 1.000000 0.602007
3 0.498881 0.148829 0.800895 0.297659
3 0.498881 0.148829 0.800895 0.297659
3 0.498881 0.148829 0.800895 0.297659
3 0.498881 0.148829 0.800895 0.297659
3 0.498881 0.148829 0.800895 0.297659
3 0.498881 0.148829 0.800895 0.297659
3 0.498881 0.148829 0.800895 0.297659
0 0.500000 0.498328 1.000000 0.602007
0 0.500000 0.498328 1.000000 0.602007
0 0.500000 0.498328 1.000000 0.602007
0 0.500000 0.498328 1.000000 0.602007
0 0.500000 0.498328 1.000000 0.602007
0 0.500000 0.500000 0.503356 0.505017
0 0.500000 0.500000 0.503356 0.505017
0 0.500000 0.500000 0.503356 0.505017
0 0.500000 0.500000 0.503356 0.505017
0 0.500000 0.500000 0.503356 0.505017
0 0.500000 0.500000 0.503356 0.505017
8 0.500000 0.498328 1.000000 0.602007
8 0.500000 0.498328 1.000000 0.602007
8 0.500000 0.498328 1.000000 0.602007
8 0.500000 0.498328 1.000000 0.602007
8 0.500000 0.498328 1.000000 0.602007
0 0.500000 0.500000 0.503356 0.505017
0 0.500000 0.500000 0.503356 0.505017
0 0.500000 0.500000 0.503356 0.505017
0 0.500000 0.500000 0.503356 0.505017
0 0.500000 0.500000 0.503356 0.505017
0 0.500000 0.500000 0.503356 0.505017
0 0.500000 0.500000 0.503356 0.505017
0 0.500000 0.500000 0.503356 0.505017
0 0.500000 0.500000 0.503356 0.505017
0 0.500000 0.500000 0.503356 0.505017
0 0.500000 0.500000 0.503356 0.505017
0 0.500000 0.500000 0.503356 0.505017
0 0.500000 0.500000 0.503356 0.505017
0 0.500000 0.500000 0.503356 0.505017
0 0.500000 0.500000 0.503356 0.505017
0 0.500000 0.500000 0.503356 0.505017
0 0.500000 0.500000 0.503356 0.505017
0 0.500000 0.500000 0.503356 0.505017
0 0.500000 0.500000 0.503356 0.505017
0 0.500000 0.500000 0.503356 0.505017
0 0.500000 0.500000 0.503356 0.505017
0 0.500000 0.500000 0.503356 0.505017
0 0.500000 0.500000 0.503356 0.505017
0 0.500000 0.500000 0.503356 0.505017
0 0.500000 0.500000 0.503356 0.505017
0 0.500000 0.500000 0.503356 0.505017
0 0.500000 0.500000 0.503356 0.505017
0 0.500000 0.500000 0.503356 0.505017
0 0.500000 0.500000 0.503356 0.505017
4 0.498881 0.498328 0.599553 0.401338
4 0.498881 0.498328 0.599553 0.401338
4 0.498881 0.498328 0.599553 0.401338
0 0.500000 0.500000 0.503356 0.505017
0 0.500000 0.500000 0.503356 0.505017
0 0.500000 0.500000 0.503356 0.505017
0 0.500000 0.500000 0.503356 0.505017
0 0.500000 0.500000 0.503356 0.505017
0 0.500000 0.500000 0.503356 0.505017
0 0.500000 0.500000 0.503356 0.505017
0 0.500000 0.498328 1.000000 0.602007
0 0.500000 0.500000 0.503356 0.505017
0 0.500000 0.498328 1.000000 0.602007
7 0.500000 0.498328 1.000000 0.602007
7 0.500000 0.498328 1.000000 0.602007
7 0.500000 0.498328 1.000000 0.602007
0 0.500000 0.498328 1.000000 0.602007
0 0.500000 0.498328 1.000000 0.602007
0 0.500000 0.498328 1.000000 0.602007
0 0.500000 0.498328 1.000000 0.602007
0 0.500000 0.498328 1.000000 0.602007
0 0.500000 0.498328 1.000000 0.602007
8 0.500000 0.498328 1.000000 0.602007
7 0.500000 0.500000 0.503356 0.505017
7 0.500000 0.500000 0.503356 0.505017
7 0.500000 0.500000 0.503356 0.505017
7 0.500000 0.500000 0.503356 0.505017
7 0.500000 0.500000 0.503356 0.505017
0 0.500000 0.500000 0.503356 0.505017
0 0.500000 0.500000 0.503356 0.505017
0 0.500000 0.500000 0.503356 0.505017
0 0.500000 0.500000 0.503356 0.505017
0 0.500000 0.500000 0.503356 0.505017
0 0.500000 0.500000 0.503356 0.505017
0 0.500000 0.500000 0.503356 0.505017
0 0.500000 0.500000 0.503356 0.505017
0 0.500000 0.500000 0.503356 0.505017
0 0.500000 0.500000 0.503356 0.505017
0 0.500000 0.500000 0.503356 0.505017
0 0.500000 0.498328 1.000000 0.602007
0 0.500000 0.498328 1.000000 0.602007
8 0.500000 0.498328 1.000000 0.602007
8 0.500000 0.498328 1.000000 0.602007
8 0.500000 0.498328 1.000000 0.602007
8 0.500000 0.498328 1.000000 0.602007
8 0.500000 0.498328 1.000000 0.602007
8 0.500000 0.498328 1.000000 0.602007
8 0.500000 0.498328 1.000000 0.602007
0 0.500000 0.498328 1.000000 0.602007
0 0.500000 0.498328 1.000000 0.602007
0 0.500000 0.498328 1.000000 0.602007
0 0.500000 0.498328 1.000000 0.602007
0 0.500000 0.498328 1.000000 0.602007
4 0.498881 0.498328 0.599553 0.401338
4 0.498881 0.498328 0.599553 0.401338
4 0.498881 0.498328 0.599553 0.401338
0 0.500000 0.498328 1.000000 0.602007
0 0.500000 0.498328 1.000000 0.602007
0 0.500000 0.498328 1.000000 0.602007
0 0.500000 0.498328 1.000000 0.602007
0 0.500000 0.498328 1.000000 0.602007
0 0.500000 0.498328 1.000000 0.602007
0 0.500000 0.498328 1.000000 0.602007
0 0.500000 0.498328 1.000000 0.602007
0 0.500000 0.498328 1.000000 0.602007
0 0.500000 0.498328 1.000000 0.602007
0 0.500000 0.498328 1.000000 0.602007
0 0.500000 0.498328 1.000000 0.602007
0 0.500000 0.498328 1.000000 0.602007
0 0.500000 0.498328 1.000000 0.602007
0 0.500000 0.498328 1.000000 0.602007
0 0.500000 0.498328 1.000000 0.602007
0 0.500000 0.498328 1.000000 0.602007
0 0.500000 0.498328 1.000000 0.602007
0 0.500000 0.498328 1.000000 0.602007
0 0.500000 0.498328 1.000000 0.602007
0 0.500000 0.498328 1.000000 0.602007
0 0.500000 0.498328 1.000000 0.602007
0 0.500000 0.498328 1.000000 0.602007
0 0.500000 0.498328 1.000000 0.602007
0 0.500000 0.498328 1.000000 0.602007
0 0.500000 0.498328 1.000000 0.602007
0 0.500000 0.498328 1.000000 0.602007
0 0.500000 0.498328 1.000000 0.602007
0 0.500000 0.498328 1.000000 0.602007
0 0.500000 0.498328 1.000000 0.602007
0 0.500000 0.498328 1.000000 0.602007
0 0.500000 0.498328 1.000000 0.602007
0 0.500000 0.498328 1.000000 0.602007
0 0.500000 0.498328 1.000000 0.602007
0 0.500000 0.498328 1.000000 0.602007
0 0.500000 0.498328 1.000000 0.602007
0 0.500000 0.498328 1.000000 0.602007
0 0.500000 0.498328 1.000000 0.602007
0 0.500000 0.498328 1.000000 0.602007
0 0.500000 0.498328 1.000000 0.602007
0 0.500000 0.498328 1.000000 0.602007
0 0.500000 0.498328 1.000000 0.602007
0 0.500000 0.498328 1.000000 0.602007
0 0.500000 0.498328 1.000000 0.602007
0 0.500000 0.498328 1.000000 0.602007
0 0.500000 0.498328 1.000000 0.602007
0 0.500000 0.498328 1.000000 0.602007
0 0.500000 0.498328 1.000000 0.602007
0 0.500000 0.498328 1.000000 0.602007
0 0.500000 0.498328 1.000000 0.602007
0 0.500000 0.500000 0.503356 0.505017
0 0.500000 0.500000 0.503356 0.505017
0 0.500000 0.500000 0.503356 0.505017
0 0.500000 0.500000 0.503356 0.505017
0 0.500000 0.500000 0.503356 0.505017
8 0.500000 0.498328 1.000000 0.602007
0 0.500000 0.500000 0.503356 0.505017
0 0.500000 0.500000 0.503356 0.505017
0 0.500000 0.500000 0.503356 0.505017
0 0.500000 0.498328 1.000000 0.602007
3 0.498881 0.148829 0.800895 0.297659
3 0.498881 0.148829 0.800895 0.297659
3 0.498881 0.148829 0.800895 0.297659
3 0.498881 0.148829 0.800895 0.297659
3 0.498881 0.148829 0.800895 0.297659
3 0.498881 0.148829 0.800895 0.297659
3 0.498881 0.148829 0.800895 0.297659
3 0.498881 0.148829 0.800895 0.297659
3 0.498881 0.148829 0.800895 0.297659
3 0.498881 0.148829 0.800895 0.297659
3 0.498881 0.148829 0.800895 0.297659
3 0.498881 0.148829 0.800895 0.297659
3 0.498881 0.148829 0.800895 0.297659
3 0.498881 0.148829 0.800895 0.297659
3 0.498881 0.148829 0.800895 0.297659
3 0.498881 0.148829 0.800895 0.297659
3 0.498881 0.148829 0.800895 0.297659
3 0.498881 0.148829 0.800895 0.297659
3 0.498881 0.148829 0.800895 0.297659
3 0.498881 0.148829 0.800895 0.297659
3 0.498881 0.148829 0.800895 0.297659
3 0.498881 0.148829 0.800895 0.297659
3 0.498881 0.148829 0.800895 0.297659
3 0.498881 0.148829 0.800895 0.297659
3 0.498881 0.148829 0.800895 0.297659
