0 0.500000 0.500000 0.507246 0.504000
0 0.500000 0.500000 0.507246 0.504000
0 0.500000 0.500000 0.507246 0.504000
0 0.500000 0.500000 0.507246 0.504000
0 0.500000 0.500000 0.507246 0.504000
0 0.500000 0.500000 0.507246 0.504000
8 0.500000 0.500000 1.000000 0.600000
8 0.500000 0.500000 1.000000 0.600000
8 0.500000 0.500000 1.000000 0.600000
8 0.500000 0.500000 1.000000 0.600000
8 0.500000 0.500000 1.000000 0.600000
0 0.500000 0.500000 0.507246 0.504000
0 0.500000 0.500000 0.507246 0.504000
0 0.500000 0.500000 1.000000 0.600000
0 0.500000 0.500000 1.000000 0.600000
0 0.500000 0.500000 1.000000 0.600000
0 0.500000 0.500000 1.000000 0.600000
0 0.500000 0.500000 1.000000 0.600000
0 0.500000 0.500000 1.000000 0.600000
0 0.500000 0.500000 1.000000 0.600000
0 0.500000 0.500000 1.000000 0.600000
0 0.500000 0.500000 1.000000 0.600000
0 0.500000 0.500000 1.000000 0.600000
3 0.497585 0.148000 0.801932 0.296000
3 0.497585 0.148000 0.801932 0.296000
3 0.497585 0.148000 0.801932 0.296000
3 0.497585 0.148000 0.801932 0.296000
3 0.497585 0.148000 0.801932 0.296000
3 0.497585 0.148000 0.801932 0.296000
