8 0.500000 0.499023 1.000000 0.599609
8 0.500000 0.499023 1.000000 0.599609
8 0.500000 0.499023 1.000000 0.599609
8 0.500000 0.499023 1.000000 0.599609
8 0.500000 0.499023 1.000000 0.599609
8 0.500000 0.499023 1.000000 0.599609
0 0.500000 0.499023 1.000000 0.599609
0 0.500000 0.499023 1.000000 0.599609
0 0.500000 0.499023 1.000000 0.599609
0 0.500000 0.499023 1.000000 0.599609
0 0.500000 0.500000 0.500931 0.500000
0 0.500000 0.500000 0.500931 0.500000
0 0.500000 0.500000 0.500931 0.500000
0 0.500000 0.500000 0.500931 0.500000
0 0.500000 0.500000 0.500931 0.500000
0 0.500000 0.500000 0.500931 0.500000
0 0.500000 0.500000 0.500931 0.500000
0 0.500000 0.500000 0.500931 0.500000
0 0.500000 0.500000 0.500931 0.500000
0 0.500000 0.500000 0.500931 0.500000
0 0.500000 0.500000 0.500931 0.500000
