0 0.500000 0.500000 0.501639 0.502183
0 0.500000 0.500000 0.501639 0.502183
0 0.500000 0.500000 0.501639 0.502183
0 0.500000 0.500000 0.501639 0.502183
0 0.500000 0.500000 0.501639 0.502183
0 0.500000 0.498908 1.000000 0.600437
0 0.500000 0.498908 1.000000 0.600437
0 0.500000 0.498908 1.000000 0.600437
0 0.500000 0.498908 1.000000 0.600437
0 0.500000 0.498908 1.000000 0.600437
0 0.500000 0.498908 1.000000 0.600437
0 0.500000 0.498908 1.000000 0.600437
0 0.500000 0.498908 1.000000 0.600437
0 0.500000 0.498908 1.000000 0.600437
0 0.500000 0.500000 0.501639 0.502183
0 0.500000 0.500000 0.501639 0.502183
0 0.500000 0.500000 0.501639 0.502183
0 0.500000 0.500000 0.501639 0.502183
0 0.500000 0.500000 0.501639 0.502183
0 0.500000 0.500000 0.501639 0.502183
0 0.500000 0.498908 1.000000 0.600437
0 0.500000 0.498908 1.000000 0.600437
0 0.500000 0.498908 1.000000 0.600437
0 0.500000 0.498908 1.000000 0.600437
0 0.500000 0.498908 1.000000 0.600437
