8 0.500000 0.499445 1.000000 0.599334
8 0.500000 0.499445 1.000000 0.599334
8 0.500000 0.499445 1.000000 0.599334
8 0.500000 0.499445 1.000000 0.599334
8 0.500000 0.499445 1.000000 0.599334
8 0.500000 0.499445 1.000000 0.599334
0 0.500000 0.499445 1.000000 0.599334
0 0.500000 0.499445 1.000000 0.599334
0 0.500000 0.499445 1.000000 0.599334
0 0.500000 0.499445 1.000000 0.599334
0 0.500000 0.499445 1.000000 0.599334
0 0.500000 0.499445 1.000000 0.599334
0 0.500000 0.499445 1.000000 0.599334
0 0.500000 0.499445 1.000000 0.599334
0 0.500000 0.500000 0.500000 0.500555
0 0.500000 0.500000 0.500000 0.500555
0 0.500000 0.500000 0.500000 0.500555
0 0.500000 0.500000 0.500000 0.500555
