4 0.499512 0.499349 0.600586 0.399740
4 0.499512 0.499349 0.600586 0.399740
4 0.499512 0.499349 0.600586 0.399740
3 0.500000 0.500000 0.500000 0.500000
3 0.500000 0.500000 0.500000 0.500000
3 0.500000 0.500000 0.500000 0.500000
3 0.500000 0.500000 0.500000 0.500000
0 0.500000 0.499349 1.000000 0.600260
0 0.500000 0.499349 1.000000 0.600260
0 0.500000 0.499349 1.000000 0.600260
0 0.500000 0.499349 1.000000 0.600260
0 0.500000 0.499349 1.000000 0.600260
0 0.500000 0.500000 0.500000 0.500000
0 0.500000 0.500000 0.500000 0.500000
0 0.500000 0.500000 0.500000 0.500000
0 0.500000 0.500000 0.500000 0.500000
