3 0.499387 0.149902 0.800245 0.299805
3 0.499387 0.149902 0.800245 0.299805
3 0.499387 0.149902 0.800245 0.299805
0 0.500000 0.499512 1.000000 0.600586
0 0.500000 0.499512 1.000000 0.600586
0 0.500000 0.499512 1.000000 0.600586
0 0.500000 0.499512 1.000000 0.600586
0 0.500000 0.499512 1.000000 0.600586
0 0.500000 0.499512 1.000000 0.600586
0 0.500000 0.499512 1.000000 0.600586
0 0.500000 0.499512 1.000000 0.600586
0 0.500000 0.499512 1.000000 0.600586
0 0.500000 0.499512 1.000000 0.600586
0 0.500000 0.500000 0.500000 0.500000
0 0.500000 0.500000 0.500000 0.500000
0 0.500000 0.500000 0.500000 0.500000
