3 0.500000 0.149485 0.800000 0.298969
3 0.500000 0.149485 0.800000 0.298969
3 0.500000 0.149485 0.800000 0.298969
3 0.500000 0.149485 0.800000 0.298969
3 0.500000 0.149485 0.800000 0.298969
3 0.500000 0.149485 0.800000 0.298969
0 0.500000 0.500000 1.000000 0.600000
0 0.500000 0.500000 1.000000 0.600000
0 0.500000 0.500000 1.000000 0.600000
0 0.500000 0.500000 1.000000 0.600000
0 0.500000 0.500000 1.000000 0.600000
0 0.500000 0.500000 1.000000 0.600000
0 0.500000 0.500000 1.000000 0.600000
0 0.500000 0.500000 1.000000 0.600000
0 0.500000 0.500000 1.000000 0.600000
0 0.500000 0.500000 1.000000 0.600000
0 0.500000 0.500000 1.000000 0.600000
3 0.500000 0.149485 0.800000 0.298969
3 0.500000 0.149485 0.800000 0.298969
3 0.500000 0.149485 0.800000 0.298969
3 0.500000 0.149485 0.800000 0.298969
