3 0.500000 0.149554 0.800000 0.299107
3 0.500000 0.149554 0.800000 0.299107
3 0.500000 0.149554 0.800000 0.299107
3 0.500000 0.149554 0.800000 0.299107
3 0.500000 0.149554 0.800000 0.299107
3 0.500000 0.149554 0.800000 0.299107
0 0.500000 0.499256 1.000000 0.599702
0 0.500000 0.499256 1.000000 0.599702
0 0.500000 0.499256 1.000000 0.599702
0 0.500000 0.499256 1.000000 0.599702
0 0.500000 0.499256 1.000000 0.599702
0 0.500000 0.499256 1.000000 0.599702
0 0.500000 0.499256 1.000000 0.599702
0 0.500000 0.499256 1.000000 0.599702
0 0.500000 0.499256 1.000000 0.599702
0 0.500000 0.499256 1.000000 0.599702
0 0.500000 0.499256 1.000000 0.599702
8 0.500000 0.499256 1.000000 0.599702
8 0.500000 0.499256 1.000000 0.599702
8 0.500000 0.499256 1.000000 0.599702
8 0.500000 0.499256 1.000000 0.599702
8 0.500000 0.499256 1.000000 0.599702
0 0.500000 0.500000 0.500000 0.500000
0 0.500000 0.500000 0.500000 0.500000
0 0.500000 0.500000 0.500000 0.500000
0 0.500000 0.500000 0.500000 0.500000
0 0.500000 0.500000 0.500000 0.500000
