3 0.499008 0.149852 0.799603 0.299703
3 0.499008 0.149852 0.799603 0.299703
3 0.499008 0.149852 0.799603 0.299703
3 0.499008 0.149852 0.799603 0.299703
0 0.500000 0.498516 1.000000 0.599407
0 0.500000 0.498516 1.000000 0.599407
0 0.500000 0.498516 1.000000 0.599407
0 0.500000 0.498516 1.000000 0.599407
0 0.500000 0.498516 1.000000 0.599407
0 0.500000 0.498516 1.000000 0.599407
0 0.500000 0.498516 1.000000 0.599407
0 0.500000 0.498516 1.000000 0.599407
0 0.500000 0.500000 0.500000 0.501484
0 0.500000 0.500000 0.500000 0.501484
0 0.500000 0.500000 0.500000 0.501484
0 0.500000 0.500000 0.500000 0.501484
0 0.500000 0.500000 0.500000 0.501484
0 0.500000 0.500000 0.500000 0.501484
0 0.500000 0.500000 0.500000 0.501484
0 0.500000 0.500000 0.500000 0.501484
0 0.500000 0.500000 0.500000 0.501484
0 0.500000 0.500000 0.500000 0.501484
