3 0.500000 0.149156 0.800000 0.298311
3 0.500000 0.149156 0.800000 0.298311
3 0.500000 0.149156 0.800000 0.298311
3 0.500000 0.149156 0.800000 0.298311
3 0.500000 0.149156 0.800000 0.298311
0 0.500000 0.499062 1.000000 0.600375
0 0.500000 0.499062 1.000000 0.600375
0 0.500000 0.499062 1.000000 0.600375
0 0.500000 0.499062 1.000000 0.600375
0 0.500000 0.499062 1.000000 0.600375
0 0.500000 0.499062 1.000000 0.600375
0 0.500000 0.499062 1.000000 0.600375
0 0.500000 0.499062 1.000000 0.600375
0 0.500000 0.499062 1.000000 0.600375
0 0.500000 0.499062 1.000000 0.600375
4 0.500000 0.499062 0.600000 0.401501
4 0.500000 0.499062 0.600000 0.401501
4 0.500000 0.499062 0.600000 0.401501
