3 0.500000 0.148907 0.800000 0.297814
3 0.500000 0.148907 0.800000 0.297814
3 0.500000 0.148907 0.800000 0.297814
3 0.500000 0.148907 0.800000 0.297814
0 0.500000 0.498634 1.000000 0.598361
0 0.500000 0.498634 1.000000 0.598361
0 0.500000 0.498634 1.000000 0.598361
0 0.500000 0.498634 1.000000 0.598361
0 0.500000 0.500000 0.501818 0.502732
0 0.500000 0.500000 0.501818 0.502732
0 0.500000 0.500000 0.501818 0.502732
0 0.500000 0.500000 0.501818 0.502732
0 0.500000 0.500000 0.501818 0.502732
4 0.500000 0.498634 0.600000 0.401639
4 0.500000 0.498634 0.600000 0.401639
4 0.500000 0.498634 0.600000 0.401639
