3 0.500000 0.149315 0.800000 0.298630
3 0.500000 0.149315 0.800000 0.298630
3 0.500000 0.149315 0.800000 0.298630
3 0.500000 0.149315 0.800000 0.298630
0 0.500000 0.500000 1.000000 0.600000
0 0.500000 0.500000 1.000000 0.600000
0 0.500000 0.500000 1.000000 0.600000
0 0.500000 0.500000 1.000000 0.600000
0 0.500000 0.500000 0.500000 0.501370
0 0.500000 0.500000 0.500000 0.501370
0 0.500000 0.500000 0.500000 0.501370
0 0.500000 0.500000 0.500000 0.501370
0 0.500000 0.500000 0.500000 0.501370
0 0.500000 0.500000 0.500000 0.501370
0 0.500000 0.500000 0.500000 0.501370
0 0.500000 0.500000 0.500000 0.501370
0 0.500000 0.500000 0.500000 0.501370
0 0.500000 0.500000 0.500000 0.501370
0 0.500000 0.500000 0.500000 0.501370
0 0.500000 0.500000 0.500000 0.501370
0 0.500000 0.500000 0.500000 0.501370
0 0.500000 0.500000 0.500000 0.501370
0 0.500000 0.500000 0.500000 0.501370
