3 0.500000 0.149472 0.800000 0.298945
3 0.500000 0.149472 0.800000 0.298945
3 0.500000 0.149472 0.800000 0.298945
3 0.500000 0.149472 0.800000 0.298945
3 0.500000 0.149472 0.800000 0.298945
3 0.500000 0.149472 0.800000 0.298945
0 0.500000 0.499414 1.000000 0.600234
0 0.500000 0.499414 1.000000 0.600234
0 0.500000 0.499414 1.000000 0.600234
0 0.500000 0.499414 1.000000 0.600234
0 0.500000 0.500000 0.500000 0.500586
0 0.500000 0.500000 0.500000 0.500586
0 0.500000 0.500000 0.500000 0.500586
0 0.500000 0.500000 0.500000 0.500586
0 0.500000 0.500000 0.500000 0.500586
0 0.500000 0.500000 0.500000 0.500586
0 0.500000 0.500000 0.500000 0.500586
0 0.500000 0.500000 0.500000 0.500586
0 0.500000 0.500000 0.500000 0.500586
0 0.500000 0.500000 0.500000 0.500586
8 0.500000 0.499414 1.000000 0.600234
8 0.500000 0.499414 1.000000 0.600234
8 0.500000 0.499414 1.000000 0.600234
8 0.500000 0.499414 1.000000 0.600234
8 0.500000 0.499414 1.000000 0.600234
8 0.500000 0.499414 1.000000 0.600234
