4 0.500000 0.499112 1.000000 0.600355
4 0.500000 0.499112 1.000000 0.600355
4 0.500000 0.499112 1.000000 0.600355
4 0.500000 0.499112 1.000000 0.600355
4 0.500000 0.499112 1.000000 0.600355
0 0.500000 0.499112 1.000000 0.600355
0 0.500000 0.499112 1.000000 0.600355
0 0.500000 0.499112 1.000000 0.600355
0 0.500000 0.499112 1.000000 0.600355
0 0.500000 0.499112 1.000000 0.600355
0 0.500000 0.500000 0.500592 0.502664
0 0.500000 0.500000 0.500592 0.502664
0 0.500000 0.500000 0.500592 0.502664
0 0.500000 0.500000 0.500592 0.502664
0 0.500000 0.500000 0.500592 0.502664
0 0.500000 0.500000 0.500592 0.502664
0 0.500000 0.500000 0.500592 0.502664
0 0.500000 0.500000 0.500592 0.502664
0 0.500000 0.500000 0.500592 0.502664
0 0.500000 0.500000 0.500592 0.502664
0 0.500000 0.500000 0.500592 0.502664
0 0.500000 0.500000 0.500592 0.502664
0 0.500000 0.500000 0.500592 0.502664
