4 0.500000 0.500000 0.600000 0.400000
1 0.500000 0.150000 0.800000 0.300000
1 0.500000 0.150000 0.800000 0.300000
1 0.500000 0.150000 0.800000 0.300000
1 0.500000 0.150000 0.800000 0.300000
1 0.500000 0.150000 0.800000 0.300000
0 0.500000 0.500000 0.500000 0.500000
0 0.500000 0.500000 0.500000 0.500000
0 0.500000 0.500000 0.500000 0.500000
0 0.500000 0.500000 0.500000 0.500000
0 0.500000 0.500000 0.500000 0.500000
0 0.500000 0.500000 0.500000 0.500000
0 0.500000 0.500000 0.500000 0.500000
0 0.500000 0.500000 0.500000 0.500000
0 0.500000 0.500000 0.500000 0.500000
0 0.500000 0.500000 0.500000 0.500000
0 0.500000 0.500000 0.500000 0.500000
0 0.500000 0.500000 0.500000 0.500000
0 0.500000 0.500000 0.500000 0.500000
0 0.500000 0.500000 0.500000 0.500000
0 0.500000 0.500000 0.500000 0.500000
0 0.500000 0.500000 0.500000 0.500000
0 0.500000 0.500000 0.500000 0.500000
8 0.500000 0.500000 1.000000 0.600000
8 0.500000 0.500000 1.000000 0.600000
8 0.500000 0.500000 1.000000 0.600000
8 0.500000 0.500000 1.000000 0.600000
8 0.500000 0.500000 1.000000 0.600000
8 0.500000 0.500000 1.000000 0.600000
3 0.500000 0.150000 0.800000 0.300000
3 0.500000 0.150000 0.800000 0.300000
3 0.500000 0.150000 0.800000 0.300000
3 0.500000 0.150000 0.800000 0.300000
3 0.500000 0.150000 0.800000 0.300000
3 0.500000 0.150000 0.800000 0.300000
0 0.500000 0.500000 0.500000 0.500000
0 0.500000 0.500000 0.500000 0.500000
0 0.500000 0.500000 0.500000 0.500000
0 0.500000 0.500000 0.500000 0.500000
0 0.500000 0.500000 0.500000 0.500000
0 0.500000 0.500000 0.500000 0.500000
0 0.500000 0.500000 0.500000 0.500000
0 0.500000 0.500000 0.500000 0.500000
0 0.500000 0.500000 0.500000 0.500000
0 0.500000 0.500000 0.500000 0.500000
0 0.500000 0.500000 0.500000 0.500000
0 0.500000 0.500000 0.500000 0.500000
0 0.500000 0.500000 0.500000 0.500000
0 0.500000 0.500000 0.500000 0.500000
0 0.500000 0.500000 0.500000 0.500000
0 0.500000 0.500000 0.500000 0.500000
0 0.500000 0.500000 0.500000 0.500000
0 0.500000 0.500000 0.500000 0.500000
0 0.500000 0.500000 1.000000 0.600000
0 0.500000 0.500000 1.000000 0.600000
0 0.500000 0.500000 1.000000 0.600000
0 0.500000 0.500000 1.000000 0.600000
0 0.500000 0.500000 1.000000 0.600000
0 0.500000 0.500000 1.000000 0.600000
0 0.500000 0.500000 1.000000 0.600000
0 0.500000 0.500000 0.500000 0.500000
0 0.500000 0.500000 0.500000 0.500000
0 0.500000 0.500000 0.500000 0.500000
0 0.500000 0.500000 0.500000 0.500000
0 0.500000 0.500000 0.500000 0.500000
0 0.500000 0.500000 0.500000 0.500000
0 0.500000 0.500000 0.500000 0.500000
0 0.500000 0.500000 0.500000 0.500000
0 0.500000 0.500000 0.500000 0.500000
8 0.500000 0.500000 1.000000 0.600000
8 0.500000 0.500000 1.000000 0.600000
8 0.500000 0.500000 1.000000 0.600000
8 0.500000 0.500000 1.000000 0.600000
0 0.500000 0.500000 0.500000 0.500000
0 0.500000 0.500000 0.500000 0.500000
0 0.500000 0.500000 0.500000 0.500000
0 0.500000 0.500000 0.500000 0.500000
0 0.500000 0.500000 0.500000 0.500000
0 0.500000 0.500000 1.000000 0.600000
0 0.500000 0.500000 1.000000 0.600000
0 0.500000 0.500000 1.000000 0.600000
0 0.500000 0.500000 0.500000 0.500000
0 0.500000 0.500000 0.500000 0.500000
0 0.500000 0.500000 0.500000 0.500000
0 0.500000 0.500000 1.000000 0.600000
0 0.500000 0.500000 1.000000 0.600000
0 0.500000 0.500000 1.000000 0.600000
0 0.500000 0.500000 1.000000 0.600000
0 0.500000 0.500000 0.600000 0.400000
0 0.500000 0.500000 1.000000 0.600000
0 0.500000 0.500000 1.000000 0.600000
0 0.500000 0.500000 1.000000 0.600000
0 0.500000 0.500000 1.000000 0.600000
0 0.500000 0.500000 1.000000 0.600000
4 0.500000 0.500000 0.600000 0.400000
4 0.500000 0.500000 0.600000 0.400000
4 0.500000 0.500000 0.600000 0.400000
3 0.500000 0.150000 0.800000 0.300000
3 0.500000 0.150000 0.800000 0.300000
3 0.500000 0.150000 0.800000 0.300000
3 0.500000 0.150000 0.800000 0.300000
3 0.500000 0.150000 0.800000 0.300000
3 0.500000 0.150000 0.800000 0.300000
0 0.500000 0.500000 0.500000 0.500000
0 0.500000 0.500000 0.500000 0.500000
8 0.500000 0.500000 0.500000 0.500000
8 0.500000 0.500000 0.500000 0.500000
8 0.500000 0.500000 0.500000 0.500000
8 0.500000 0.500000 1.000000 0.600000
8 0.500000 0.500000 1.000000 0.600000
8 0.500000 0.500000 1.000000 0.600000
8 0.500000 0.500000 1.000000 0.600000
8 0.500000 0.500000 1.000000 0.600000
8 0.500000 0.500000 1.000000 0.600000
0 0.500000 0.500000 1.000000 0.600000
0 0.500000 0.500000 1.000000 0.600000
0 0.500000 0.500000 1.000000 0.600000
0 0.500000 0.500000 1.000000 0.600000
0 0.500000 0.500000 1.000000 0.600000
0 0.500000 0.500000 1.000000 0.600000
0 0.500000 0.500000 1.000000 0.600000
0 0.500000 0.500000 1.000000 0.600000
0 0.500000 0.500000 1.000000 0.600000
0 0.500000 0.500000 1.000000 0.600000
0 0.500000 0.500000 1.000000 0.600000
0 0.500000 0.500000 1.000000 0.600000
0 0.500000 0.500000 0.500000 0.500000
0 0.500000 0.500000 1.000000 0.600000
0 0.500000 0.500000 0.500000 0.500000
0 0.500000 0.500000 0.500000 0.500000
0 0.500000 0.500000 0.500000 0.500000
0 0.500000 0.500000 0.500000 0.500000
0 0.500000 0.500000 0.500000 0.500000
0 0.500000 0.500000 0.500000 0.500000
0 0.500000 0.500000 0.500000 0.500000
0 0.500000 0.500000 0.500000 0.500000
0 0.500000 0.500000 0.500000 0.500000
0 0.500000 0.500000 0.500000 0.500000
0 0.500000 0.500000 0.500000 0.500000
0 0.500000 0.500000 0.500000 0.500000
0 0.500000 0.500000 0.500000 0.500000
0 0.500000 0.500000 0.500000 0.500000
0 0.500000 0.500000 0.500000 0.500000
0 0.500000 0.500000 0.500000 0.500000
0 0.500000 0.500000 0.500000 0.500000
0 0.500000 0.500000 0.500000 0.500000
0 0.500000 0.500000 0.500000 0.500000
0 0.500000 0.500000 0.500000 0.500000
0 0.500000 0.500000 0.500000 0.500000
0 0.500000 0.500000 0.500000 0.500000
0 0.500000 0.500000 0.500000 0.500000
0 0.500000 0.500000 0.500000 0.500000
0 0.500000 0.500000 0.500000 0.500000
0 0.500000 0.500000 0.500000 0.500000
0 0.500000 0.500000 0.500000 0.500000
0 0.500000 0.500000 0.500000 0.500000
0 0.500000 0.500000 0.500000 0.500000
0 0.500000 0.500000 0.500000 0.500000
0 0.500000 0.500000 1.000000 0.600000
0 0.500000 0.500000 1.000000 0.600000
0 0.500000 0.500000 1.000000 0.600000
0 0.500000 0.500000 1.000000 0.600000
0 0.500000 0.500000 1.000000 0.600000
0 0.500000 0.500000 1.000000 0.600000
0 0.500000 0.500000 1.000000 0.600000
0 0.500000 0.500000 1.000000 0.600000
0 0.500000 0.500000 1.000000 0.600000
0 0.500000 0.500000 1.000000 0.600000
0 0.500000 0.500000 1.000000 0.600000
0 0.500000 0.500000 0.500000 0.500000
0 0.500000 0.500000 0.500000 0.500000
0 0.500000 0.500000 0.500000 0.500000
0 0.500000 0.500000 0.500000 0.500000
0 0.500000 0.500000 0.500000 0.500000
0 0.500000 0.500000 0.500000 0.500000
0 0.500000 0.500000 0.500000 0.500000
0 0.500000 0.500000 0.500000 0.500000
0 0.500000 0.500000 0.500000 0.500000
0 0.500000 0.500000 0.500000 0.500000
0 0.500000 0.500000 0.500000 0.500000
0 0.500000 0.500000 0.500000 0.500000
0 0.500000 0.500000 1.000000 0.600000
0 0.500000 0.500000 1.000000 0.600000
0 0.500000 0.500000 1.000000 0.600000
0 0.500000 0.500000 1.000000 0.600000
0 0.500000 0.500000 1.000000 0.600000
0 0.500000 0.500000 1.000000 0.600000
0 0.500000 0.500000 0.500000 0.500000
0 0.500000 0.500000 0.500000 0.500000
0 0.500000 0.500000 0.500000 0.500000
0 0.500000 0.500000 0.500000 0.500000
0 0.500000 0.500000 0.500000 0.500000
0 0.500000 0.500000 0.500000 0.500000
0 0.500000 0.500000 0.500000 0.500000
0 0.500000 0.500000 0.500000 0.500000
0 0.500000 0.500000 0.500000 0.500000
0 0.500000 0.500000 0.500000 0.500000
0 0.500000 0.500000 0.500000 0.500000
0 0.500000 0.500000 0.500000 0.500000
0 0.500000 0.500000 0.500000 0.500000
0 0.500000 0.500000 0.500000 0.500000
0 0.500000 0.500000 0.500000 0.500000
0 0.500000 0.500000 0.500000 0.500000
0 0.500000 0.500000 0.500000 0.500000
0 0.500000 0.500000 0.500000 0.500000
0 0.500000 0.500000 0.500000 0.500000
0 0.500000 0.500000 0.500000 0.500000
0 0.500000 0.500000 0.500000 0.500000
0 0.500000 0.500000 0.500000 0.500000
0 0.500000 0.500000 0.500000 0.500000
0 0.500000 0.500000 0.500000 0.500000
0 0.500000 0.500000 0.500000 0.500000
0 0.500000 0.500000 0.500000 0.500000
0 0.500000 0.500000 0.500000 0.500000
0 0.500000 0.500000 0.500000 0.500000
0 0.500000 0.500000 0.500000 0.500000
0 0.500000 0.500000 1.000000 0.600000
0 0.500000 0.500000 1.000000 0.600000
0 0.500000 0.500000 1.000000 0.600000
0 0.500000 0.500000 1.000000 0.600000
0 0.500000 0.500000 0.500000 0.500000
0 0.500000 0.500000 0.500000 0.500000
0 0.500000 0.500000 0.500000 0.500000
0 0.500000 0.500000 0.500000 0.500000
0 0.500000 0.500000 0.500000 0.500000
0 0.500000 0.500000 0.500000 0.500000
0 0.500000 0.500000 0.500000 0.500000
0 0.500000 0.500000 0.500000 0.500000
0 0.500000 0.500000 0.500000 0.500000
0 0.500000 0.500000 0.500000 0.500000
0 0.500000 0.500000 0.500000 0.500000
0 0.500000 0.500000 0.500000 0.500000
0 0.500000 0.500000 0.500000 0.500000
0 0.500000 0.500000 0.600000 0.400000
0 0.500000 0.500000 0.600000 0.400000
0 0.500000 0.500000 0.600000 0.400000
0 0.500000 0.500000 0.600000 0.400000
0 0.500000 0.500000 0.600000 0.400000
0 0.500000 0.500000 0.600000 0.400000
0 0.500000 0.500000 0.600000 0.400000
0 0.500000 0.500000 1.000000 0.600000
0 0.500000 0.500000 1.000000 0.600000
0 0.500000 0.500000 1.000000 0.600000
0 0.500000 0.500000 1.000000 0.600000
0 0.500000 0.500000 1.000000 0.600000
0 0.500000 0.500000 1.000000 0.600000
0 0.500000 0.500000 1.000000 0.600000
0 0.500000 0.500000 1.000000 0.600000
0 0.500000 0.500000 1.000000 0.600000
0 0.500000 0.500000 1.000000 0.600000
0 0.500000 0.500000 1.000000 0.600000
0 0.500000 0.500000 1.000000 0.600000
4 0.500000 0.500000 0.600000 0.400000
4 0.500000 0.500000 0.600000 0.400000
4 0.500000 0.500000 0.600000 0.400000
0 0.500000 0.500000 1.000000 0.600000
0 0.500000 0.500000 1.000000 0.600000
0 0.500000 0.500000 1.000000 0.600000
0 0.500000 0.500000 1.000000 0.600000
0 0.500000 0.500000 1.000000 0.600000
0 0.500000 0.500000 1.000000 0.600000
0 0.500000 0.500000 1.000000 0.600000
0 0.500000 0.500000 1.000000 0.600000
0 0.500000 0.500000 1.000000 0.600000
0 0.500000 0.500000 1.000000 0.600000
0 0.500000 0.500000 1.000000 0.600000
0 0.500000 0.500000 1.000000 0.600000
0 0.500000 0.500000 1.000000 0.600000
0 0.500000 0.500000 1.000000 0.600000
0 0.500000 0.500000 1.000000 0.600000
0 0.500000 0.500000 1.000000 0.600000
0 0.500000 0.500000 1.000000 0.600000
0 0.500000 0.500000 1.000000 0.600000
0 0.500000 0.500000 1.000000 0.600000
0 0.500000 0.500000 1.000000 0.600000
0 0.500000 0.500000 1.000000 0.600000
0 0.500000 0.500000 1.000000 0.600000
0 0.500000 0.500000 1.000000 0.600000
0 0.500000 0.500000 1.000000 0.600000
0 0.500000 0.500000 1.000000 0.600000
0 0.500000 0.500000 1.000000 0.600000
0 0.500000 0.500000 0.500000 0.500000
0 0.500000 0.500000 0.500000 0.500000
0 0.500000 0.500000 0.500000 0.500000
0 0.500000 0.500000 0.500000 0.500000
0 0.500000 0.500000 0.500000 0.500000
0 0.500000 0.500000 0.500000 0.500000
3 0.500000 0.500000 0.500000 0.500000
3 0.500000 0.500000 0.500000 0.500000
3 0.500000 0.500000 0.500000 0.500000
3 0.500000 0.500000 0.500000 0.500000
3 0.500000 0.500000 0.500000 0.500000
3 0.500000 0.500000 0.500000 0.500000
0 0.500000 0.500000 1.000000 0.600000
0 0.500000 0.500000 1.000000 0.600000
0 0.500000 0.500000 1.000000 0.600000
0 0.500000 0.500000 1.000000 0.600000
0 0.500000 0.500000 1.000000 0.600000
0 0.500000 0.500000 0.500000 0.500000
0 0.500000 0.500000 0.500000 0.500000
0 0.500000 0.500000 0.500000 0.500000
0 0.500000 0.500000 0.500000 0.500000
0 0.500000 0.500000 1.000000 0.600000
0 0.500000 0.500000 1.000000 0.600000
0 0.500000 0.500000 1.000000 0.600000
0 0.500000 0.500000 1.000000 0.600000
0 0.500000 0.500000 1.000000 0.600000
0 0.500000 0.500000 0.500000 0.500000
0 0.500000 0.500000 1.000000 0.600000
0 0.500000 0.500000 1.000000 0.600000
0 0.500000 0.500000 1.000000 0.600000
0 0.500000 0.500000 1.000000 0.600000
0 0.500000 0.500000 1.000000 0.600000
0 0.500000 0.500000 1.000000 0.600000
0 0.500000 0.500000 1.000000 0.600000
0 0.500000 0.500000 1.000000 0.600000
0 0.500000 0.500000 1.000000 0.600000
0 0.500000 0.500000 1.000000 0.600000
0 0.500000 0.500000 1.000000 0.600000
0 0.500000 0.500000 0.500000 0.500000
0 0.500000 0.500000 0.500000 0.500000
0 0.500000 0.500000 0.500000 0.500000
0 0.500000 0.500000 0.500000 0.500000
0 0.500000 0.500000 0.500000 0.500000
0 0.500000 0.500000 0.500000 0.500000
0 0.500000 0.500000 0.500000 0.500000
0 0.500000 0.500000 0.500000 0.500000
0 0.500000 0.500000 0.500000 0.500000
0 0.499306 0.650000 0.398611 0.500000
0 0.499306 0.650000 0.398611 0.500000
0 0.499306 0.650000 0.398611 0.500000
0 0.499306 0.650000 0.398611 0.500000
4 0.500000 0.500000 0.600000 0.400000
4 0.500000 0.500000 0.600000 0.400000
4 0.500000 0.500000 0.600000 0.400000
0 0.500000 0.500000 0.500000 0.500000
0 0.500000 0.500000 0.500000 0.500000
0 0.500000 0.500000 0.500000 0.500000
0 0.500000 0.500000 0.500000 0.500000
0 0.500000 0.500000 0.500000 0.500000
0 0.500000 0.500000 0.500000 0.500000
0 0.500000 0.500000 0.500000 0.500000
0 0.500000 0.500000 0.500000 0.500000
0 0.500000 0.500000 0.500000 0.500000
3 0.500000 0.150000 0.800000 0.300000
3 0.500000 0.150000 0.800000 0.300000
3 0.500000 0.150000 0.800000 0.300000
3 0.500000 0.150000 0.800000 0.300000
0 0.500000 0.500000 0.500000 0.500000
0 0.500000 0.500000 0.500000 0.500000
0 0.500000 0.500000 0.500000 0.500000
0 0.500000 0.500000 0.500000 0.500000
0 0.500000 0.500000 0.500000 0.500000
0 0.500000 0.500000 0.500000 0.500000
0 0.500000 0.500000 0.500000 0.500000
0 0.500000 0.500000 1.000000 0.600000
0 0.500000 0.500000 1.000000 0.600000
0 0.500000 0.500000 1.000000 0.600000
0 0.500000 0.500000 1.000000 0.600000
0 0.500000 0.500000 1.000000 0.600000
0 0.500000 0.500000 1.000000 0.600000
0 0.500000 0.500000 1.000000 0.600000
0 0.500000 0.500000 1.000000 0.600000
0 0.500000 0.500000 1.000000 0.600000
0 0.500000 0.500000 1.000000 0.600000
0 0.500000 0.500000 1.000000 0.600000
0 0.500000 0.500000 0.500000 0.500000
0 0.500000 0.500000 0.500000 0.500000
0 0.500000 0.500000 0.500000 0.500000
0 0.500000 0.500000 0.500000 0.500000
0 0.500000 0.500000 0.500000 0.500000
0 0.500000 0.500000 0.500000 0.500000
0 0.500000 0.500000 0.500000 0.500000
0 0.500000 0.500000 1.000000 0.600000
0 0.500000 0.500000 1.000000 0.600000
0 0.500000 0.500000 1.000000 0.600000
0 0.500000 0.500000 1.000000 0.600000
0 0.500000 0.500000 1.000000 0.600000
0 0.500000 0.500000 1.000000 0.600000
0 0.500000 0.500000 1.000000 0.600000
0 0.500000 0.500000 1.000000 0.600000
0 0.500000 0.500000 1.000000 0.600000
0 0.500000 0.500000 1.000000 0.600000
0 0.500000 0.500000 1.000000 0.600000
0 0.500000 0.500000 1.000000 0.600000
0 0.500000 0.500000 0.500000 0.500000
0 0.500000 0.500000 0.500000 0.500000
0 0.500000 0.500000 0.500000 0.500000
0 0.500000 0.500000 0.500000 0.500000
0 0.500000 0.500000 0.500000 0.500000
