0 0.500000 0.500000 0.505455 0.508197
0 0.500000 0.500000 0.505455 0.508197
0 0.500000 0.500000 0.505455 0.508197
0 0.500000 0.500000 0.505455 0.508197
0 0.500000 0.500000 0.505455 0.508197
0 0.500000 0.497268 1.000000 0.601093
0 0.500000 0.497268 1.000000 0.601093
0 0.500000 0.497268 1.000000 0.601093
0 0.500000 0.497268 1.000000 0.601093
0 0.500000 0.500000 0.505455 0.508197
0 0.500000 0.497268 1.000000 0.601093
0 0.500000 0.500000 0.505455 0.508197
0 0.500000 0.500000 0.505455 0.508197
0 0.500000 0.500000 0.505455 0.508197
0 0.500000 0.500000 0.505455 0.508197
0 0.498182 0.647541 0.400000 0.497268
0 0.498182 0.647541 0.400000 0.497268
0 0.498182 0.647541 0.400000 0.497268
0 0.498182 0.647541 0.400000 0.497268
0 0.500000 0.500000 0.505455 0.508197
0 0.500000 0.500000 0.505455 0.508197
0 0.500000 0.500000 0.505455 0.508197
0 0.500000 0.500000 0.505455 0.508197
0 0.500000 0.500000 0.505455 0.508197
