0 0.500000 0.500000 0.500432 0.500000
0 0.500000 0.500000 0.500432 0.500000
0 0.500000 0.500000 0.500432 0.500000
0 0.500000 0.500000 0.500432 0.500000
0 0.500000 0.500000 0.500432 0.500000
0 0.500000 0.500000 0.500432 0.500000
0 0.500000 0.500000 0.500432 0.500000
0 0.500000 0.500000 0.500432 0.500000
0 0.500000 0.500000 0.500432 0.500000
0 0.500000 0.500000 0.500432 0.500000
0 0.500000 0.500000 0.500432 0.500000
0 0.500000 0.500000 0.500432 0.500000
0 0.500000 0.500000 0.500432 0.500000
0 0.500000 0.500000 0.500432 0.500000
0 0.500000 0.500000 0.500432 0.500000
0 0.500000 0.500000 0.500432 0.500000
0 0.500000 0.500000 0.500432 0.500000
4 0.499568 0.499488 0.599827 0.400615
4 0.499568 0.499488 0.599827 0.400615
4 0.499568 0.499488 0.599827 0.400615
