0 0.500000 0.500000 0.500000 0.500000
0 0.500000 0.500000 0.500000 0.500000
0 0.500000 0.500000 0.500000 0.500000
0 0.500000 0.500000 0.500000 0.500000
0 0.500000 0.500000 0.500000 0.500000
0 0.500000 0.500000 0.500000 0.500000
0 0.500000 0.500000 0.500000 0.500000
0 0.500000 0.500000 0.500000 0.500000
0 0.500000 0.500000 0.500000 0.500000
0 0.500000 0.500000 0.500000 0.500000
0 0.500000 0.500000 1.000000 0.600000
0 0.500000 0.500000 1.000000 0.600000
0 0.500000 0.500000 1.000000 0.600000
0 0.500000 0.500000 1.000000 0.600000
0 0.500000 0.500000 1.000000 0.600000
3 0.499349 0.150000 0.800781 0.300000
3 0.499349 0.150000 0.800781 0.300000
3 0.499349 0.150000 0.800781 0.300000
3 0.499349 0.150000 0.800781 0.300000
0 0.500000 0.500000 0.500000 0.500000
0 0.500000 0.500000 0.500000 0.500000
0 0.500000 0.500000 0.500000 0.500000
