0 0.500000 0.500000 0.501584 0.500000
0 0.500000 0.500000 0.501584 0.500000
0 0.500000 0.500000 0.501584 0.500000
0 0.500000 0.500000 0.501584 0.500000
0 0.500000 0.500000 0.501584 0.500000
0 0.500000 0.500000 0.501584 0.500000
0 0.500000 0.500000 0.501584 0.500000
0 0.500000 0.500000 0.501584 0.500000
0 0.500000 0.500000 0.501584 0.500000
0 0.500000 0.500000 0.501584 0.500000
4 0.499472 0.499756 0.599789 0.399902
4 0.499472 0.499756 0.599789 0.399902
4 0.499472 0.499756 0.599789 0.399902
0 0.500000 0.500000 0.501584 0.500000
0 0.500000 0.500000 0.501584 0.500000
0 0.500000 0.500000 0.501584 0.500000
0 0.500000 0.500000 0.501584 0.500000
0 0.500000 0.500000 0.501584 0.500000
0 0.500000 0.500000 0.501584 0.500000
0 0.500000 0.500000 0.501584 0.500000
0 0.500000 0.500000 0.501584 0.500000
0 0.500000 0.500000 0.501584 0.500000
0 0.500000 0.500000 0.501584 0.500000
