0 0.500000 0.500000 0.500325 0.500000
0 0.500000 0.500000 0.500325 0.500000
0 0.500000 0.500000 0.500325 0.500000
0 0.500000 0.500000 0.500325 0.500000
0 0.500000 0.500000 0.500325 0.500000
0 0.500000 0.499756 1.000000 0.600098
0 0.500000 0.499756 1.000000 0.600098
0 0.500000 0.499756 1.000000 0.600098
0 0.500000 0.499756 1.000000 0.600098
0 0.500000 0.499756 1.000000 0.600098
0 0.500000 0.499756 1.000000 0.600098
0 0.500000 0.499756 1.000000 0.600098
0 0.500000 0.499756 1.000000 0.600098
0 0.500000 0.499756 1.000000 0.600098
0 0.500000 0.499756 1.000000 0.600098
0 0.500000 0.499756 1.000000 0.600098
0 0.500000 0.499756 1.000000 0.600098
0 0.500000 0.499756 1.000000 0.600098
0 0.500000 0.499756 1.000000 0.600098
0 0.500000 0.499756 1.000000 0.600098
0 0.500000 0.499756 1.000000 0.600098
0 0.500000 0.499756 1.000000 0.600098
0 0.500000 0.499756 1.000000 0.600098
0 0.500000 0.500000 0.500325 0.500000
0 0.500000 0.500000 0.500325 0.500000
0 0.500000 0.500000 0.500325 0.500000
