0 0.500000 0.500000 0.500000 0.501887
0 0.500000 0.500000 0.500000 0.501887
0 0.500000 0.500000 1.000000 0.600000
0 0.500000 0.500000 1.000000 0.600000
0 0.500000 0.500000 1.000000 0.600000
0 0.500000 0.500000 1.000000 0.600000
0 0.500000 0.500000 1.000000 0.600000
0 0.500000 0.500000 0.500000 0.501887
0 0.500000 0.500000 0.500000 0.501887
0 0.500000 0.500000 0.500000 0.501887
0 0.500000 0.500000 0.500000 0.501887
0 0.500000 0.500000 0.500000 0.501887
0 0.500000 0.500000 0.500000 0.501887
0 0.500000 0.500000 0.500000 0.501887
0 0.500000 0.500000 0.500000 0.501887
0 0.500000 0.500000 0.500000 0.501887
0 0.500000 0.500000 0.500000 0.501887
0 0.500000 0.500000 0.500000 0.501887
0 0.500000 0.500000 0.500000 0.501887
0 0.500000 0.500000 0.500000 0.501887
0 0.500000 0.500000 0.500000 0.501887
0 0.500000 0.500000 0.500000 0.501887
4 0.500000 0.499371 0.600000 0.400000
4 0.500000 0.499371 0.600000 0.400000
4 0.500000 0.499371 0.600000 0.400000
0 0.500000 0.500000 1.000000 0.600000
0 0.500000 0.500000 1.000000 0.600000
0 0.500000 0.500000 1.000000 0.600000
0 0.500000 0.500000 1.000000 0.600000
0 0.500000 0.500000 1.000000 0.600000
0 0.500000 0.500000 1.000000 0.600000
0 0.500000 0.500000 1.000000 0.600000
0 0.500000 0.500000 0.500000 0.501887
0 0.500000 0.500000 0.500000 0.501887
0 0.500000 0.500000 0.500000 0.501887
0 0.500000 0.500000 0.500000 0.501887
0 0.500000 0.500000 0.500000 0.501887
0 0.500000 0.500000 0.500000 0.501887
0 0.500000 0.500000 0.500000 0.501887
0 0.500000 0.500000 0.500000 0.501887
0 0.500000 0.500000 0.500000 0.501887
0 0.500000 0.500000 0.500000 0.501887
0 0.500000 0.500000 0.500000 0.501887
0 0.500000 0.500000 0.500000 0.501887
0 0.500000 0.500000 0.500000 0.501887
0 0.500000 0.500000 0.500000 0.501887
0 0.500000 0.500000 1.000000 0.600000
0 0.500000 0.500000 1.000000 0.600000
0 0.500000 0.500000 1.000000 0.600000
0 0.500000 0.500000 0.500000 0.501887
0 0.500000 0.500000 0.500000 0.501887
0 0.500000 0.500000 0.500000 0.501887
0 0.500000 0.500000 0.500000 0.501887
0 0.500000 0.500000 0.500000 0.501887
0 0.500000 0.500000 0.500000 0.501887
0 0.500000 0.500000 0.500000 0.501887
0 0.500000 0.500000 1.000000 0.600000
0 0.500000 0.500000 1.000000 0.600000
0 0.500000 0.500000 1.000000 0.600000
0 0.500000 0.500000 1.000000 0.600000
0 0.500000 0.500000 1.000000 0.600000
0 0.500000 0.500000 1.000000 0.600000
0 0.500000 0.500000 1.000000 0.600000
0 0.500000 0.500000 1.000000 0.600000
0 0.500000 0.499371 0.600000 0.400000
0 0.500000 0.499371 0.600000 0.400000
0 0.500000 0.499371 0.600000 0.400000
0 0.500000 0.499371 0.600000 0.400000
0 0.500000 0.499371 0.600000 0.400000
0 0.500000 0.499371 0.600000 0.400000
0 0.500000 0.499371 0.600000 0.400000
0 0.500000 0.499371 0.600000 0.400000
0 0.500000 0.500000 0.500000 0.501887
0 0.500000 0.500000 0.500000 0.501887
0 0.500000 0.500000 0.500000 0.501887
0 0.500000 0.500000 0.500000 0.501887
0 0.500000 0.500000 0.500000 0.501887
0 0.500000 0.500000 0.500000 0.501887
0 0.500000 0.500000 0.500000 0.501887
4 0.500000 0.500000 1.000000 0.600000
4 0.500000 0.500000 1.000000 0.600000
4 0.500000 0.500000 1.000000 0.600000
4 0.500000 0.500000 1.000000 0.600000
4 0.500000 0.500000 1.000000 0.600000
4 0.500000 0.499371 0.600000 0.400000
4 0.500000 0.499371 0.600000 0.400000
4 0.500000 0.499371 0.600000 0.400000
8 0.500000 0.500000 1.000000 0.600000
8 0.500000 0.500000 1.000000 0.600000
8 0.500000 0.500000 1.000000 0.600000
8 0.500000 0.500000 1.000000 0.600000
8 0.500000 0.500000 1.000000 0.600000
8 0.500000 0.500000 1.000000 0.600000
8 0.500000 0.500000 1.000000 0.600000
8 0.500000 0.500000 1.000000 0.600000
8 0.500000 0.500000 1.000000 0.600000
8 0.500000 0.500000 1.000000 0.600000
0 0.500000 0.500000 0.500000 0.501887
0 0.500000 0.500000 0.500000 0.501887
0 0.500000 0.500000 0.500000 0.501887
0 0.500000 0.500000 0.500000 0.501887
0 0.500000 0.500000 0.500000 0.501887
0 0.500000 0.500000 1.000000 0.600000
0 0.500000 0.500000 1.000000 0.600000
0 0.500000 0.500000 1.000000 0.600000
0 0.500000 0.500000 1.000000 0.600000
3 0.500000 0.500000 0.500000 0.501887
3 0.500000 0.500000 0.500000 0.501887
3 0.500000 0.500000 0.500000 0.501887
3 0.500000 0.500000 0.500000 0.501887
0 0.500000 0.500000 1.000000 0.600000
0 0.500000 0.500000 1.000000 0.600000
0 0.500000 0.500000 1.000000 0.600000
0 0.500000 0.500000 1.000000 0.600000
0 0.500000 0.500000 1.000000 0.600000
0 0.500000 0.500000 1.000000 0.600000
0 0.500000 0.500000 1.000000 0.600000
0 0.500000 0.500000 1.000000 0.600000
0 0.500000 0.500000 1.000000 0.600000
0 0.500000 0.500000 1.000000 0.600000
0 0.500000 0.500000 1.000000 0.600000
0 0.500000 0.500000 1.000000 0.600000
0 0.500000 0.500000 1.000000 0.600000
0 0.500000 0.500000 1.000000 0.600000
0 0.500000 0.500000 1.000000 0.600000
0 0.500000 0.500000 1.000000 0.600000
0 0.500000 0.500000 1.000000 0.600000
0 0.500000 0.500000 1.000000 0.600000
0 0.500000 0.500000 1.000000 0.600000
0 0.500000 0.500000 1.000000 0.600000
0 0.500000 0.500000 1.000000 0.600000
0 0.500000 0.500000 1.000000 0.600000
0 0.500000 0.500000 1.000000 0.600000
0 0.500000 0.500000 1.000000 0.600000
0 0.500000 0.500000 1.000000 0.600000
0 0.500000 0.500000 1.000000 0.600000
0 0.500000 0.500000 1.000000 0.600000
0 0.500000 0.500000 1.000000 0.600000
0 0.500000 0.500000 1.000000 0.600000
0 0.500000 0.500000 1.000000 0.600000
0 0.500000 0.500000 1.000000 0.600000
0 0.500000 0.500000 1.000000 0.600000
0 0.500000 0.500000 1.000000 0.600000
0 0.500000 0.500000 0.500000 0.501887
0 0.500000 0.500000 0.500000 0.501887
0 0.500000 0.500000 0.500000 0.501887
0 0.500000 0.500000 0.500000 0.501887
0 0.500000 0.500000 0.500000 0.501887
0 0.500000 0.500000 0.500000 0.501887
0 0.500000 0.500000 0.500000 0.501887
0 0.500000 0.500000 0.500000 0.501887
0 0.500000 0.500000 0.500000 0.501887
0 0.500000 0.500000 0.500000 0.501887
0 0.500000 0.500000 0.500000 0.501887
0 0.500000 0.500000 0.500000 0.501887
0 0.500000 0.500000 0.500000 0.501887
0 0.500000 0.500000 0.500000 0.501887
0 0.500000 0.500000 0.500000 0.501887
0 0.500000 0.500000 0.500000 0.501887
0 0.500000 0.500000 0.500000 0.501887
0 0.500000 0.500000 0.500000 0.501887
0 0.500000 0.500000 0.500000 0.501887
0 0.500000 0.500000 0.500000 0.501887
0 0.500000 0.500000 0.500000 0.501887
0 0.500000 0.500000 0.500000 0.501887
0 0.500000 0.500000 0.500000 0.501887
0 0.500000 0.500000 0.500000 0.501887
0 0.500000 0.500000 0.500000 0.501887
0 0.500000 0.500000 0.500000 0.501887
0 0.500000 0.500000 0.500000 0.501887
0 0.500000 0.500000 0.500000 0.501887
0 0.500000 0.500000 0.500000 0.501887
0 0.500000 0.500000 0.500000 0.501887
0 0.500000 0.500000 0.500000 0.501887
0 0.500000 0.500000 0.500000 0.501887
0 0.500000 0.500000 0.500000 0.501887
0 0.500000 0.500000 0.500000 0.501887
0 0.500000 0.500000 0.500000 0.501887
0 0.500000 0.500000 1.000000 0.600000
0 0.500000 0.500000 1.000000 0.600000
0 0.500000 0.500000 1.000000 0.600000
0 0.500000 0.500000 1.000000 0.600000
0 0.500000 0.500000 0.500000 0.501887
0 0.500000 0.500000 0.500000 0.501887
0 0.500000 0.500000 0.500000 0.501887
0 0.500000 0.500000 0.500000 0.501887
0 0.500000 0.500000 0.500000 0.501887
0 0.500000 0.500000 0.500000 0.501887
0 0.500000 0.500000 0.500000 0.501887
0 0.500000 0.500000 0.500000 0.501887
0 0.500000 0.500000 0.500000 0.501887
0 0.500000 0.500000 0.500000 0.501887
0 0.500000 0.500000 0.500000 0.501887
0 0.500000 0.500000 0.500000 0.501887
0 0.500000 0.500000 1.000000 0.600000
0 0.500000 0.500000 1.000000 0.600000
0 0.500000 0.500000 1.000000 0.600000
0 0.500000 0.500000 1.000000 0.600000
0 0.500000 0.500000 0.500000 0.501887
0 0.500000 0.500000 0.500000 0.501887
0 0.500000 0.500000 0.500000 0.501887
0 0.500000 0.500000 0.500000 0.501887
0 0.500000 0.500000 0.500000 0.501887
0 0.500000 0.500000 0.500000 0.501887
0 0.500000 0.500000 0.500000 0.501887
0 0.500000 0.500000 0.500000 0.501887
0 0.500000 0.500000 0.500000 0.501887
0 0.500000 0.500000 0.500000 0.501887
0 0.500000 0.500000 0.500000 0.501887
0 0.500000 0.500000 0.500000 0.501887
0 0.500000 0.500000 0.500000 0.501887
0 0.500000 0.500000 0.500000 0.501887
0 0.500000 0.500000 0.500000 0.501887
0 0.500000 0.500000 1.000000 0.600000
0 0.500000 0.500000 1.000000 0.600000
0 0.500000 0.500000 1.000000 0.600000
0 0.500000 0.500000 1.000000 0.600000
0 0.500000 0.500000 1.000000 0.600000
0 0.500000 0.500000 0.500000 0.501887
0 0.500000 0.500000 0.500000 0.501887
0 0.500000 0.500000 0.500000 0.501887
0 0.500000 0.500000 0.500000 0.501887
0 0.500000 0.500000 0.500000 0.501887
0 0.500000 0.500000 1.000000 0.600000
0 0.500000 0.500000 1.000000 0.600000
0 0.500000 0.500000 1.000000 0.600000
0 0.500000 0.500000 1.000000 0.600000
0 0.500000 0.500000 1.000000 0.600000
0 0.500000 0.500000 1.000000 0.600000
0 0.500000 0.500000 1.000000 0.600000
0 0.500000 0.500000 1.000000 0.600000
0 0.500000 0.500000 1.000000 0.600000
0 0.500000 0.500000 1.000000 0.600000
0 0.500000 0.500000 1.000000 0.600000
0 0.500000 0.500000 1.000000 0.600000
0 0.500000 0.500000 1.000000 0.600000
0 0.500000 0.500000 1.000000 0.600000
0 0.500000 0.500000 1.000000 0.600000
0 0.500000 0.500000 1.000000 0.600000
0 0.500000 0.500000 1.000000 0.600000
0 0.500000 0.500000 1.000000 0.600000
0 0.500000 0.500000 1.000000 0.600000
0 0.500000 0.500000 1.000000 0.600000
0 0.500000 0.500000 1.000000 0.600000
0 0.500000 0.500000 1.000000 0.600000
0 0.500000 0.500000 1.000000 0.600000
0 0.500000 0.500000 1.000000 0.600000
0 0.500000 0.500000 1.000000 0.600000
0 0.500000 0.500000 1.000000 0.600000
0 0.500000 0.500000 1.000000 0.600000
0 0.500000 0.500000 1.000000 0.600000
0 0.500000 0.500000 1.000000 0.600000
0 0.500000 0.500000 1.000000 0.600000
0 0.500000 0.500000 1.000000 0.600000
0 0.500000 0.500000 1.000000 0.600000
5 0.500000 0.649686 0.400000 0.499371
5 0.500000 0.649686 0.400000 0.499371
5 0.500000 0.649686 0.400000 0.499371
5 0.500000 0.649686 0.400000 0.499371
0 0.500000 0.499371 0.600000 0.400000
0 0.500000 0.499371 0.600000 0.400000
0 0.500000 0.499371 0.600000 0.400000
0 0.500000 0.499371 0.600000 0.400000
0 0.500000 0.500000 0.500000 0.501887
0 0.500000 0.500000 0.500000 0.501887
0 0.500000 0.500000 0.500000 0.501887
0 0.500000 0.500000 0.500000 0.501887
0 0.500000 0.500000 0.500000 0.501887
0 0.500000 0.500000 0.500000 0.501887
0 0.500000 0.500000 1.000000 0.600000
0 0.500000 0.500000 1.000000 0.600000
0 0.500000 0.500000 1.000000 0.600000
0 0.500000 0.500000 1.000000 0.600000
0 0.500000 0.500000 1.000000 0.600000
0 0.500000 0.500000 1.000000 0.600000
0 0.500000 0.500000 1.000000 0.600000
0 0.500000 0.500000 1.000000 0.600000
0 0.500000 0.500000 1.000000 0.600000
0 0.500000 0.500000 1.000000 0.600000
6 0.500000 0.500000 1.000000 0.600000
6 0.500000 0.500000 1.000000 0.600000
6 0.500000 0.500000 1.000000 0.600000
6 0.500000 0.500000 1.000000 0.600000
6 0.500000 0.500000 1.000000 0.600000
0 0.500000 0.500000 0.500000 0.501887
0 0.500000 0.500000 0.500000 0.501887
0 0.500000 0.500000 0.500000 0.501887
0 0.500000 0.500000 0.500000 0.501887
0 0.500000 0.500000 0.500000 0.501887
0 0.500000 0.500000 1.000000 0.600000
0 0.500000 0.500000 1.000000 0.600000
0 0.500000 0.500000 1.000000 0.600000
0 0.500000 0.500000 1.000000 0.600000
0 0.500000 0.500000 1.000000 0.600000
0 0.500000 0.500000 1.000000 0.600000
0 0.500000 0.500000 1.000000 0.600000
0 0.500000 0.500000 1.000000 0.600000
0 0.500000 0.500000 1.000000 0.600000
0 0.500000 0.500000 1.000000 0.600000
0 0.500000 0.500000 1.000000 0.600000
0 0.500000 0.500000 0.500000 0.501887
7 0.500000 0.500000 0.500000 0.501887
7 0.500000 0.500000 0.500000 0.501887
7 0.500000 0.500000 0.500000 0.501887
8 0.500000 0.500000 1.000000 0.600000
8 0.500000 0.500000 1.000000 0.600000
8 0.500000 0.500000 1.000000 0.600000
8 0.500000 0.500000 1.000000 0.600000
8 0.500000 0.500000 1.000000 0.600000
0 0.500000 0.500000 0.500000 0.501887
0 0.500000 0.500000 0.500000 0.501887
0 0.500000 0.500000 0.500000 0.501887
0 0.500000 0.500000 0.500000 0.501887
0 0.500000 0.500000 0.500000 0.501887
0 0.500000 0.500000 0.500000 0.501887
0 0.500000 0.500000 0.500000 0.501887
0 0.500000 0.500000 0.500000 0.501887
0 0.500000 0.500000 0.500000 0.501887
0 0.500000 0.500000 0.500000 0.501887
0 0.500000 0.500000 0.500000 0.501887
0 0.500000 0.500000 0.500000 0.501887
0 0.500000 0.500000 0.500000 0.501887
0 0.500000 0.500000 0.500000 0.501887
0 0.500000 0.500000 0.500000 0.501887
0 0.500000 0.500000 0.500000 0.501887
0 0.500000 0.500000 0.500000 0.501887
0 0.500000 0.500000 0.500000 0.501887
0 0.500000 0.500000 0.500000 0.501887
0 0.500000 0.500000 0.500000 0.501887
7 0.500000 0.500000 0.500000 0.501887
7 0.500000 0.500000 0.500000 0.501887
7 0.500000 0.500000 0.500000 0.501887
7 0.500000 0.500000 0.500000 0.501887
7 0.500000 0.500000 0.500000 0.501887
7 0.500000 0.500000 0.500000 0.501887
7 0.500000 0.500000 0.500000 0.501887
7 0.500000 0.500000 0.500000 0.501887
7 0.500000 0.500000 0.500000 0.501887
7 0.500000 0.500000 1.000000 0.600000
7 0.500000 0.500000 1.000000 0.600000
7 0.500000 0.500000 1.000000 0.600000
7 0.500000 0.500000 1.000000 0.600000
7 0.500000 0.500000 1.000000 0.600000
7 0.500000 0.500000 1.000000 0.600000
0 0.500000 0.500000 1.000000 0.600000
0 0.500000 0.500000 1.000000 0.600000
0 0.500000 0.500000 1.000000 0.600000
0 0.500000 0.500000 1.000000 0.600000
0 0.500000 0.500000 1.000000 0.600000
0 0.500000 0.500000 1.000000 0.600000
0 0.500000 0.500000 1.000000 0.600000
0 0.500000 0.500000 1.000000 0.600000
0 0.500000 0.500000 1.000000 0.600000
0 0.500000 0.500000 1.000000 0.600000
0 0.500000 0.500000 1.000000 0.600000
0 0.500000 0.500000 1.000000 0.600000
0 0.500000 0.500000 1.000000 0.600000
0 0.500000 0.500000 1.000000 0.600000
0 0.500000 0.500000 1.000000 0.600000
0 0.500000 0.500000 1.000000 0.600000
0 0.500000 0.500000 1.000000 0.600000
0 0.500000 0.500000 1.000000 0.600000
0 0.500000 0.500000 1.000000 0.600000
0 0.500000 0.500000 1.000000 0.600000
0 0.500000 0.500000 1.000000 0.600000
0 0.500000 0.500000 1.000000 0.600000
0 0.500000 0.500000 1.000000 0.600000
0 0.500000 0.500000 1.000000 0.600000
0 0.500000 0.500000 0.500000 0.501887
0 0.500000 0.500000 0.500000 0.501887
0 0.500000 0.500000 0.500000 0.501887
0 0.500000 0.500000 0.500000 0.501887
0 0.500000 0.500000 0.500000 0.501887
