0 0.500000 0.500000 0.500000 0.500000
0 0.500000 0.500000 0.500000 0.500000
0 0.500000 0.500000 0.500000 0.500000
0 0.500000 0.500000 0.500000 0.500000
0 0.500000 0.499756 1.000000 0.600098
0 0.500000 0.499756 1.000000 0.600098
0 0.500000 0.499756 1.000000 0.600098
0 0.500000 0.499756 1.000000 0.600098
0 0.500000 0.499756 1.000000 0.600098
0 0.500000 0.499756 1.000000 0.600098
0 0.500000 0.499756 1.000000 0.600098
0 0.500000 0.499756 1.000000 0.600098
0 0.500000 0.499756 1.000000 0.600098
0 0.500000 0.499756 1.000000 0.600098
0 0.500000 0.499756 1.000000 0.600098
0 0.500000 0.499756 1.000000 0.600098
0 0.500000 0.499756 1.000000 0.600098
7 0.500000 0.500000 0.500000 0.500000
7 0.500000 0.500000 0.500000 0.500000
7 0.500000 0.500000 0.500000 0.500000
3 0.499674 0.149902 0.800130 0.299805
3 0.499674 0.149902 0.800130 0.299805
3 0.499674 0.149902 0.800130 0.299805
3 0.499674 0.149902 0.800130 0.299805
