0 0.500000 0.497024 1.000000 0.601190
0 0.500000 0.497024 1.000000 0.601190
0 0.500000 0.497024 1.000000 0.601190
0 0.500000 0.497024 1.000000 0.601190
0 0.500000 0.497024 1.000000 0.601190
0 0.500000 0.497024 1.000000 0.601190
0 0.500000 0.497024 1.000000 0.601190
0 0.500000 0.497024 1.000000 0.601190
0 0.500000 0.497024 1.000000 0.601190
0 0.500000 0.497024 1.000000 0.601190
0 0.500000 0.497024 1.000000 0.601190
0 0.500000 0.497024 1.000000 0.601190
0 0.500000 0.497024 1.000000 0.601190
0 0.500000 0.497024 1.000000 0.601190
0 0.500000 0.497024 1.000000 0.601190
0 0.500000 0.497024 1.000000 0.601190
0 0.500000 0.497024 1.000000 0.601190
7 0.500000 0.500000 0.500000 0.500000
7 0.500000 0.500000 0.500000 0.500000
7 0.500000 0.500000 0.500000 0.500000
3 0.500000 0.148810 0.800000 0.297619
3 0.500000 0.148810 0.800000 0.297619
3 0.500000 0.148810 0.800000 0.297619
3 0.500000 0.148810 0.800000 0.297619
