0 0.500000 0.500000 0.500000 0.500000
0 0.500000 0.500000 0.500000 0.500000
0 0.500000 0.500000 0.500000 0.500000
0 0.500000 0.500000 0.500000 0.500000
0 0.500000 0.500000 0.500000 0.500000
0 0.500000 0.500000 0.500000 0.500000
0 0.500000 0.500000 0.500000 0.500000
0 0.500000 0.500000 0.500000 0.500000
0 0.500000 0.500000 0.500000 0.500000
0 0.500000 0.500000 0.500000 0.500000
5 0.500000 0.650000 0.400000 0.500000
5 0.500000 0.650000 0.400000 0.500000
7 0.500000 0.500000 1.000000 0.600000
7 0.500000 0.500000 1.000000 0.600000
7 0.500000 0.500000 1.000000 0.600000
3 0.500000 0.150000 0.800000 0.300000
3 0.500000 0.150000 0.800000 0.300000
3 0.500000 0.150000 0.800000 0.300000
3 0.500000 0.150000 0.800000 0.300000
