0 0.500000 0.500000 1.000000 0.600000
0 0.500000 0.500000 1.000000 0.600000
0 0.500000 0.500000 1.000000 0.600000
0 0.500000 0.500000 1.000000 0.600000
0 0.500000 0.500000 0.500586 0.500000
0 0.500000 0.500000 0.500586 0.500000
0 0.500000 0.500000 0.500586 0.500000
0 0.500000 0.500000 0.500586 0.500000
0 0.500000 0.500000 0.500586 0.500000
0 0.500000 0.500000 0.500586 0.500000
0 0.500000 0.500000 0.500586 0.500000
0 0.499707 0.500000 0.599648 0.400000
0 0.499707 0.500000 0.599648 0.400000
0 0.499707 0.500000 0.599648 0.400000
0 0.499707 0.500000 0.599648 0.400000
0 0.500000 0.500000 1.000000 0.600000
0 0.500000 0.500000 1.000000 0.600000
0 0.500000 0.500000 1.000000 0.600000
0 0.500000 0.500000 1.000000 0.600000
0 0.500000 0.500000 1.000000 0.600000
0 0.500000 0.500000 1.000000 0.600000
3 0.499707 0.150000 0.800117 0.300000
3 0.499707 0.150000 0.800117 0.300000
3 0.499707 0.150000 0.800117 0.300000
3 0.499707 0.150000 0.800117 0.300000
3 0.499707 0.150000 0.800117 0.300000
3 0.499707 0.150000 0.800117 0.300000
