0 0.500000 0.499222 1.000000 0.600311
0 0.500000 0.499222 1.000000 0.600311
0 0.500000 0.499222 1.000000 0.600311
0 0.500000 0.499222 1.000000 0.600311
0 0.500000 0.500000 0.501171 0.502333
0 0.500000 0.500000 0.501171 0.502333
0 0.500000 0.500000 0.501171 0.502333
0 0.500000 0.500000 0.501171 0.502333
0 0.500000 0.500000 0.501171 0.502333
0 0.500000 0.500000 0.501171 0.502333
0 0.500000 0.500000 0.501171 0.502333
0 0.500000 0.500000 0.501171 0.502333
0 0.500000 0.500000 0.501171 0.502333
0 0.500000 0.500000 0.501171 0.502333
0 0.500000 0.500000 0.501171 0.502333
0 0.500000 0.500000 0.501171 0.502333
0 0.500000 0.500000 0.501171 0.502333
0 0.500000 0.500000 0.501171 0.502333
0 0.500000 0.499222 1.000000 0.600311
0 0.500000 0.499222 1.000000 0.600311
0 0.500000 0.499222 1.000000 0.600311
0 0.500000 0.499222 1.000000 0.600311
0 0.500000 0.499222 1.000000 0.600311
0 0.500000 0.499222 1.000000 0.600311
3 0.499415 0.149300 0.799766 0.298600
3 0.499415 0.149300 0.799766 0.298600
3 0.499415 0.149300 0.799766 0.298600
3 0.499415 0.149300 0.799766 0.298600
3 0.499415 0.149300 0.799766 0.298600
3 0.499415 0.149300 0.799766 0.298600
