0 0.498106 0.500000 0.602273 0.400000
0 0.498106 0.500000 0.602273 0.400000
0 0.498106 0.500000 0.602273 0.400000
0 0.498106 0.500000 0.602273 0.400000
0 0.498106 0.500000 0.602273 0.400000
0 0.498106 0.500000 0.602273 0.400000
0 0.498106 0.500000 0.602273 0.400000
0 0.498106 0.500000 0.602273 0.400000
0 0.500000 0.500000 0.500000 0.505263
0 0.500000 0.500000 0.500000 0.505263
0 0.500000 0.500000 0.500000 0.505263
0 0.500000 0.500000 0.500000 0.505263
0 0.500000 0.500000 1.000000 0.600000
0 0.500000 0.500000 1.000000 0.600000
0 0.500000 0.500000 1.000000 0.600000
0 0.500000 0.500000 1.000000 0.600000
0 0.500000 0.500000 1.000000 0.600000
0 0.500000 0.500000 1.000000 0.600000
0 0.500000 0.500000 1.000000 0.600000
0 0.500000 0.500000 1.000000 0.600000
0 0.500000 0.500000 1.000000 0.600000
0 0.500000 0.500000 1.000000 0.600000
0 0.500000 0.500000 1.000000 0.600000
