0 0.500000 0.500000 0.501859 0.500000
0 0.500000 0.500000 0.501859 0.500000
0 0.500000 0.500000 0.501859 0.500000
0 0.500000 0.500000 0.501859 0.500000
0 0.500000 0.500000 0.501859 0.500000
0 0.500000 0.500000 0.501859 0.500000
0 0.500000 0.500000 0.501859 0.500000
0 0.500000 0.500000 0.501859 0.500000
0 0.500000 0.500000 0.501859 0.500000
0 0.500000 0.500000 0.501859 0.500000
0 0.500000 0.500000 0.501859 0.500000
0 0.500000 0.498832 1.000000 0.600467
0 0.500000 0.498832 1.000000 0.600467
0 0.500000 0.498832 1.000000 0.600467
0 0.500000 0.498832 1.000000 0.600467
0 0.500000 0.498832 1.000000 0.600467
0 0.500000 0.498832 1.000000 0.600467
0 0.500000 0.498832 1.000000 0.600467
0 0.500000 0.498832 1.000000 0.600467
0 0.500000 0.498832 1.000000 0.600467
0 0.500000 0.498832 1.000000 0.600467
0 0.500000 0.498832 1.000000 0.600467
