4 0.500000 0.498771 0.600000 0.398034
4 0.500000 0.498771 0.600000 0.398034
4 0.500000 0.498771 0.600000 0.398034
4 0.500000 0.498771 0.600000 0.398034
4 0.500000 0.498771 0.600000 0.398034
4 0.500000 0.498771 0.600000 0.398034
0 0.500000 0.500000 0.500000 0.503686
0 0.500000 0.500000 0.500000 0.503686
0 0.500000 0.500000 0.500000 0.503686
0 0.500000 0.500000 0.500000 0.503686
0 0.500000 0.500000 0.500000 0.503686
0 0.500000 0.500000 0.500000 0.503686
0 0.500000 0.500000 0.500000 0.503686
0 0.500000 0.500000 0.500000 0.503686
0 0.500000 0.500000 0.500000 0.503686
0 0.500000 0.500000 0.500000 0.503686
0 0.500000 0.500000 0.500000 0.503686
0 0.500000 0.500000 0.500000 0.503686
8 0.500000 0.498771 1.000000 0.599509
8 0.500000 0.498771 1.000000 0.599509
8 0.500000 0.498771 1.000000 0.599509
8 0.500000 0.498771 1.000000 0.599509
8 0.500000 0.498771 1.000000 0.599509
8 0.500000 0.498771 1.000000 0.599509
4 0.500000 0.498771 1.000000 0.599509
4 0.500000 0.498771 1.000000 0.599509
4 0.500000 0.498771 1.000000 0.599509
4 0.500000 0.498771 1.000000 0.599509
4 0.500000 0.498771 1.000000 0.599509
0 0.500000 0.500000 0.500000 0.503686
0 0.500000 0.500000 0.500000 0.503686
0 0.500000 0.500000 0.500000 0.503686
0 0.500000 0.500000 0.500000 0.503686
0 0.500000 0.500000 0.500000 0.503686
0 0.500000 0.500000 0.500000 0.503686
0 0.500000 0.500000 0.500000 0.503686
0 0.500000 0.500000 0.500000 0.503686
0 0.500000 0.500000 0.500000 0.503686
0 0.500000 0.500000 0.500000 0.503686
0 0.500000 0.500000 0.500000 0.503686
0 0.500000 0.500000 0.500000 0.503686
0 0.500000 0.500000 0.500000 0.503686
0 0.500000 0.500000 0.500000 0.503686
0 0.500000 0.498771 1.000000 0.599509
0 0.500000 0.498771 1.000000 0.599509
0 0.500000 0.498771 1.000000 0.599509
0 0.500000 0.498771 1.000000 0.599509
0 0.500000 0.498771 1.000000 0.599509
0 0.500000 0.498771 1.000000 0.599509
0 0.500000 0.498771 1.000000 0.599509
8 0.500000 0.498771 1.000000 0.599509
8 0.500000 0.498771 1.000000 0.599509
8 0.500000 0.498771 1.000000 0.599509
8 0.500000 0.498771 1.000000 0.599509
8 0.500000 0.498771 1.000000 0.599509
0 0.500000 0.149877 0.800000 0.299754
0 0.500000 0.149877 0.800000 0.299754
0 0.500000 0.149877 0.800000 0.299754
0 0.500000 0.149877 0.800000 0.299754
0 0.500000 0.498771 1.000000 0.599509
0 0.500000 0.498771 1.000000 0.599509
0 0.500000 0.498771 1.000000 0.599509
0 0.500000 0.498771 1.000000 0.599509
0 0.500000 0.498771 1.000000 0.599509
0 0.500000 0.498771 1.000000 0.599509
0 0.500000 0.498771 1.000000 0.599509
0 0.500000 0.498771 1.000000 0.599509
0 0.500000 0.498771 1.000000 0.599509
0 0.500000 0.498771 1.000000 0.599509
0 0.500000 0.498771 1.000000 0.599509
0 0.500000 0.498771 1.000000 0.599509
0 0.500000 0.498771 1.000000 0.599509
0 0.500000 0.498771 1.000000 0.599509
4 0.500000 0.498771 1.000000 0.599509
4 0.500000 0.498771 1.000000 0.599509
4 0.500000 0.498771 1.000000 0.599509
4 0.500000 0.498771 1.000000 0.599509
4 0.500000 0.498771 1.000000 0.599509
4 0.500000 0.498771 1.000000 0.599509
4 0.500000 0.498771 1.000000 0.599509
4 0.500000 0.498771 1.000000 0.599509
4 0.500000 0.498771 1.000000 0.599509
4 0.500000 0.498771 1.000000 0.599509
8 0.500000 0.498771 1.000000 0.599509
8 0.500000 0.498771 1.000000 0.599509
8 0.500000 0.498771 1.000000 0.599509
8 0.500000 0.498771 1.000000 0.599509
8 0.500000 0.498771 1.000000 0.599509
8 0.500000 0.498771 1.000000 0.599509
8 0.500000 0.498771 1.000000 0.599509
8 0.500000 0.498771 1.000000 0.599509
8 0.500000 0.498771 1.000000 0.599509
8 0.500000 0.498771 1.000000 0.599509
8 0.500000 0.498771 1.000000 0.599509
8 0.500000 0.498771 1.000000 0.599509
8 0.500000 0.498771 1.000000 0.599509
8 0.500000 0.498771 1.000000 0.599509
0 0.500000 0.500000 0.500000 0.503686
0 0.500000 0.500000 0.500000 0.503686
0 0.500000 0.500000 0.500000 0.503686
0 0.500000 0.500000 0.500000 0.503686
0 0.500000 0.500000 0.500000 0.503686
8 0.500000 0.498771 1.000000 0.599509
8 0.500000 0.498771 1.000000 0.599509
8 0.500000 0.498771 1.000000 0.599509
8 0.500000 0.498771 1.000000 0.599509
8 0.500000 0.498771 1.000000 0.599509
8 0.500000 0.498771 1.000000 0.599509
8 0.500000 0.498771 1.000000 0.599509
8 0.500000 0.498771 1.000000 0.599509
0 0.500000 0.500000 0.500000 0.503686
0 0.500000 0.500000 0.500000 0.503686
0 0.500000 0.500000 0.500000 0.503686
0 0.500000 0.500000 0.500000 0.503686
0 0.500000 0.500000 0.500000 0.503686
0 0.500000 0.498771 1.000000 0.599509
0 0.500000 0.498771 1.000000 0.599509
0 0.500000 0.498771 1.000000 0.599509
0 0.500000 0.498771 1.000000 0.599509
0 0.500000 0.498771 1.000000 0.599509
0 0.500000 0.500000 0.500000 0.503686
0 0.500000 0.500000 0.500000 0.503686
0 0.500000 0.500000 0.500000 0.503686
0 0.500000 0.500000 0.500000 0.503686
0 0.500000 0.500000 0.500000 0.503686
0 0.500000 0.500000 0.500000 0.503686
0 0.500000 0.500000 0.500000 0.503686
0 0.500000 0.500000 0.500000 0.503686
0 0.500000 0.500000 0.500000 0.503686
0 0.500000 0.500000 0.500000 0.503686
0 0.500000 0.500000 0.500000 0.503686
0 0.500000 0.500000 0.500000 0.503686
0 0.500000 0.500000 0.500000 0.503686
0 0.500000 0.500000 0.500000 0.503686
0 0.500000 0.500000 0.500000 0.503686
0 0.500000 0.500000 0.500000 0.503686
0 0.500000 0.500000 0.500000 0.503686
0 0.500000 0.500000 0.500000 0.503686
0 0.500000 0.500000 0.500000 0.503686
0 0.500000 0.500000 0.500000 0.503686
0 0.500000 0.498771 0.600000 0.398034
0 0.500000 0.498771 0.600000 0.398034
0 0.500000 0.498771 0.600000 0.398034
0 0.500000 0.498771 1.000000 0.599509
0 0.500000 0.498771 1.000000 0.599509
0 0.500000 0.498771 1.000000 0.599509
0 0.500000 0.498771 1.000000 0.599509
0 0.500000 0.498771 1.000000 0.599509
0 0.500000 0.498771 1.000000 0.599509
0 0.500000 0.498771 0.600000 0.398034
0 0.500000 0.498771 0.600000 0.398034
0 0.500000 0.498771 0.600000 0.398034
0 0.500000 0.498771 0.600000 0.398034
0 0.500000 0.500000 0.500000 0.503686
0 0.500000 0.500000 0.500000 0.503686
0 0.500000 0.500000 0.500000 0.503686
0 0.500000 0.500000 0.500000 0.503686
0 0.500000 0.500000 0.500000 0.503686
0 0.500000 0.500000 0.500000 0.503686
0 0.500000 0.498771 1.000000 0.599509
0 0.500000 0.498771 1.000000 0.599509
0 0.500000 0.498771 1.000000 0.599509
0 0.500000 0.498771 1.000000 0.599509
0 0.500000 0.498771 1.000000 0.599509
0 0.500000 0.498771 1.000000 0.599509
0 0.500000 0.498771 1.000000 0.599509
0 0.500000 0.498771 1.000000 0.599509
0 0.500000 0.498771 1.000000 0.599509
0 0.500000 0.498771 1.000000 0.599509
0 0.500000 0.498771 1.000000 0.599509
0 0.500000 0.498771 1.000000 0.599509
0 0.500000 0.498771 1.000000 0.599509
0 0.500000 0.498771 1.000000 0.599509
0 0.500000 0.498771 1.000000 0.599509
0 0.500000 0.498771 1.000000 0.599509
0 0.500000 0.500000 0.500000 0.503686
0 0.500000 0.500000 0.500000 0.503686
0 0.500000 0.500000 0.500000 0.503686
0 0.500000 0.500000 0.500000 0.503686
0 0.500000 0.500000 0.500000 0.503686
0 0.500000 0.500000 0.500000 0.503686
0 0.500000 0.500000 0.500000 0.503686
0 0.500000 0.500000 0.500000 0.503686
0 0.500000 0.500000 0.500000 0.503686
0 0.500000 0.498771 1.000000 0.599509
0 0.500000 0.498771 1.000000 0.599509
0 0.500000 0.498771 1.000000 0.599509
0 0.500000 0.498771 1.000000 0.599509
0 0.500000 0.498771 1.000000 0.599509
0 0.500000 0.498771 1.000000 0.599509
0 0.500000 0.500000 0.500000 0.503686
0 0.500000 0.500000 0.500000 0.503686
0 0.500000 0.500000 0.500000 0.503686
0 0.500000 0.500000 0.500000 0.503686
0 0.500000 0.500000 0.500000 0.503686
0 0.500000 0.500000 0.500000 0.503686
0 0.500000 0.500000 0.500000 0.503686
0 0.500000 0.500000 0.500000 0.503686
0 0.500000 0.500000 0.500000 0.503686
0 0.500000 0.498771 1.000000 0.599509
0 0.500000 0.498771 1.000000 0.599509
0 0.500000 0.498771 1.000000 0.599509
0 0.500000 0.498771 1.000000 0.599509
0 0.500000 0.498771 1.000000 0.599509
0 0.500000 0.500000 0.500000 0.503686
0 0.500000 0.500000 0.500000 0.503686
0 0.500000 0.500000 0.500000 0.503686
0 0.500000 0.500000 0.500000 0.503686
0 0.500000 0.498771 1.000000 0.599509
0 0.500000 0.498771 1.000000 0.599509
0 0.500000 0.498771 1.000000 0.599509
0 0.500000 0.498771 1.000000 0.599509
0 0.500000 0.498771 1.000000 0.599509
0 0.500000 0.498771 1.000000 0.599509
0 0.500000 0.498771 1.000000 0.599509
0 0.500000 0.498771 1.000000 0.599509
0 0.500000 0.498771 1.000000 0.599509
0 0.500000 0.498771 1.000000 0.599509
0 0.500000 0.498771 1.000000 0.599509
0 0.500000 0.498771 1.000000 0.599509
8 0.500000 0.498771 1.000000 0.599509
8 0.500000 0.498771 1.000000 0.599509
8 0.500000 0.498771 1.000000 0.599509
8 0.500000 0.498771 1.000000 0.599509
8 0.500000 0.498771 1.000000 0.599509
0 0.500000 0.500000 0.500000 0.503686
0 0.500000 0.500000 0.500000 0.503686
0 0.500000 0.500000 0.500000 0.503686
0 0.500000 0.500000 0.500000 0.503686
0 0.500000 0.500000 0.500000 0.503686
0 0.500000 0.500000 0.500000 0.503686
0 0.500000 0.500000 0.500000 0.503686
0 0.500000 0.500000 0.500000 0.503686
0 0.500000 0.500000 0.500000 0.503686
0 0.500000 0.500000 0.500000 0.503686
0 0.500000 0.500000 0.500000 0.503686
0 0.500000 0.500000 0.500000 0.503686
0 0.500000 0.500000 0.500000 0.503686
0 0.500000 0.500000 0.500000 0.503686
0 0.500000 0.500000 0.500000 0.503686
8 0.500000 0.498771 1.000000 0.599509
8 0.500000 0.498771 1.000000 0.599509
8 0.500000 0.498771 1.000000 0.599509
8 0.500000 0.498771 1.000000 0.599509
8 0.500000 0.498771 1.000000 0.599509
0 0.500000 0.500000 0.500000 0.503686
0 0.500000 0.500000 0.500000 0.503686
0 0.500000 0.500000 0.500000 0.503686
0 0.500000 0.500000 0.500000 0.503686
0 0.500000 0.500000 0.500000 0.503686
0 0.500000 0.498771 1.000000 0.599509
0 0.500000 0.498771 1.000000 0.599509
0 0.500000 0.498771 1.000000 0.599509
0 0.500000 0.498771 1.000000 0.599509
0 0.500000 0.498771 1.000000 0.599509
3 0.500000 0.500000 0.500000 0.503686
3 0.500000 0.500000 0.500000 0.503686
3 0.500000 0.500000 0.500000 0.503686
3 0.500000 0.500000 0.500000 0.503686
3 0.500000 0.500000 0.500000 0.503686
3 0.500000 0.500000 0.500000 0.503686
6 0.500000 0.498771 1.000000 0.599509
6 0.500000 0.498771 1.000000 0.599509
6 0.500000 0.498771 1.000000 0.599509
6 0.500000 0.498771 1.000000 0.599509
6 0.500000 0.498771 1.000000 0.599509
3 0.500000 0.149877 0.800000 0.299754
3 0.500000 0.149877 0.800000 0.299754
3 0.500000 0.149877 0.800000 0.299754
3 0.500000 0.149877 0.800000 0.299754
3 0.500000 0.149877 0.800000 0.299754
3 0.500000 0.149877 0.800000 0.299754
0 0.500000 0.500000 0.500000 0.503686
0 0.500000 0.500000 0.500000 0.503686
0 0.500000 0.500000 0.500000 0.503686
0 0.500000 0.500000 0.500000 0.503686
0 0.500000 0.500000 0.500000 0.503686
0 0.500000 0.498771 1.000000 0.599509
0 0.500000 0.498771 1.000000 0.599509
0 0.500000 0.498771 1.000000 0.599509
0 0.500000 0.498771 1.000000 0.599509
0 0.500000 0.498771 1.000000 0.599509
0 0.500000 0.498771 1.000000 0.599509
0 0.500000 0.498771 1.000000 0.599509
0 0.500000 0.498771 1.000000 0.599509
0 0.500000 0.498771 1.000000 0.599509
0 0.500000 0.498771 1.000000 0.599509
0 0.500000 0.498771 1.000000 0.599509
0 0.500000 0.498771 1.000000 0.599509
7 0.500000 0.500000 0.500000 0.503686
7 0.500000 0.500000 0.500000 0.503686
7 0.500000 0.500000 0.500000 0.503686
0 0.500000 0.498771 1.000000 0.599509
0 0.500000 0.498771 1.000000 0.599509
0 0.500000 0.498771 1.000000 0.599509
0 0.500000 0.498771 1.000000 0.599509
0 0.500000 0.498771 1.000000 0.599509
0 0.500000 0.500000 0.500000 0.503686
0 0.500000 0.500000 0.500000 0.503686
0 0.500000 0.500000 0.500000 0.503686
0 0.500000 0.500000 0.500000 0.503686
0 0.500000 0.500000 0.500000 0.503686
0 0.500000 0.500000 0.500000 0.503686
0 0.500000 0.500000 0.500000 0.503686
0 0.500000 0.500000 0.500000 0.503686
0 0.500000 0.500000 0.500000 0.503686
0 0.500000 0.498771 1.000000 0.599509
0 0.500000 0.498771 1.000000 0.599509
0 0.500000 0.498771 1.000000 0.599509
0 0.500000 0.498771 1.000000 0.599509
0 0.500000 0.498771 1.000000 0.599509
0 0.500000 0.498771 1.000000 0.599509
0 0.500000 0.498771 1.000000 0.599509
0 0.500000 0.498771 1.000000 0.599509
0 0.500000 0.498771 1.000000 0.599509
0 0.500000 0.498771 1.000000 0.599509
0 0.500000 0.498771 1.000000 0.599509
0 0.500000 0.498771 1.000000 0.599509
0 0.500000 0.498771 1.000000 0.599509
0 0.500000 0.498771 1.000000 0.599509
0 0.500000 0.498771 1.000000 0.599509
0 0.500000 0.498771 1.000000 0.599509
0 0.500000 0.498771 1.000000 0.599509
0 0.500000 0.498771 1.000000 0.599509
0 0.500000 0.498771 1.000000 0.599509
0 0.500000 0.498771 1.000000 0.599509
0 0.500000 0.498771 1.000000 0.599509
0 0.500000 0.498771 1.000000 0.599509
0 0.500000 0.498771 1.000000 0.599509
0 0.500000 0.498771 1.000000 0.599509
8 0.500000 0.498771 1.000000 0.599509
8 0.500000 0.498771 1.000000 0.599509
8 0.500000 0.498771 1.000000 0.599509
8 0.500000 0.498771 1.000000 0.599509
8 0.500000 0.498771 1.000000 0.599509
8 0.500000 0.498771 1.000000 0.599509
8 0.500000 0.498771 1.000000 0.599509
7 0.500000 0.500000 0.500000 0.503686
7 0.500000 0.500000 0.500000 0.503686
7 0.500000 0.500000 0.500000 0.503686
7 0.500000 0.500000 0.500000 0.503686
7 0.500000 0.500000 0.500000 0.503686
0 0.500000 0.500000 0.500000 0.503686
0 0.500000 0.500000 0.500000 0.503686
0 0.500000 0.500000 0.500000 0.503686
0 0.500000 0.500000 0.500000 0.503686
0 0.500000 0.500000 0.500000 0.503686
7 0.500000 0.500000 0.500000 0.503686
7 0.500000 0.500000 0.500000 0.503686
7 0.500000 0.500000 0.500000 0.503686
7 0.500000 0.500000 0.500000 0.503686
7 0.500000 0.500000 0.500000 0.503686
0 0.500000 0.500000 0.500000 0.503686
0 0.500000 0.500000 0.500000 0.503686
0 0.500000 0.500000 0.500000 0.503686
0 0.500000 0.500000 0.500000 0.503686
0 0.500000 0.500000 0.500000 0.503686
0 0.500000 0.500000 0.500000 0.503686
0 0.500000 0.500000 0.500000 0.503686
0 0.500000 0.500000 0.500000 0.503686
0 0.500000 0.500000 0.500000 0.503686
0 0.500000 0.500000 0.500000 0.503686
0 0.500000 0.500000 0.500000 0.503686
0 0.500000 0.500000 0.500000 0.503686
0 0.500000 0.500000 0.500000 0.503686
0 0.500000 0.500000 0.500000 0.503686
0 0.500000 0.500000 0.500000 0.503686
0 0.500000 0.500000 0.500000 0.503686
0 0.500000 0.500000 0.500000 0.503686
0 0.500000 0.500000 0.500000 0.503686
0 0.500000 0.500000 0.500000 0.503686
0 0.500000 0.500000 0.500000 0.503686
0 0.500000 0.500000 0.500000 0.503686
