0 0.500000 0.497253 1.000000 0.598901
0 0.500000 0.497253 1.000000 0.598901
0 0.500000 0.497253 1.000000 0.598901
0 0.500000 0.497253 1.000000 0.598901
0 0.498175 0.497253 0.602190 0.401099
0 0.498175 0.497253 0.602190 0.401099
0 0.498175 0.497253 0.602190 0.401099
0 0.500000 0.500000 0.503650 0.505495
0 0.500000 0.500000 0.503650 0.505495
0 0.500000 0.500000 0.503650 0.505495
0 0.500000 0.500000 0.503650 0.505495
0 0.500000 0.500000 0.503650 0.505495
8 0.500000 0.497253 1.000000 0.598901
8 0.500000 0.497253 1.000000 0.598901
8 0.500000 0.497253 1.000000 0.598901
8 0.500000 0.497253 1.000000 0.598901
8 0.500000 0.497253 1.000000 0.598901
8 0.500000 0.497253 1.000000 0.598901
8 0.500000 0.497253 1.000000 0.598901
3 0.498175 0.148352 0.799270 0.296703
3 0.498175 0.148352 0.799270 0.296703
3 0.498175 0.148352 0.799270 0.296703
3 0.498175 0.148352 0.799270 0.296703
3 0.498175 0.148352 0.799270 0.296703
3 0.498175 0.148352 0.799270 0.296703
