8 0.500000 0.500000 1.000000 0.600000
8 0.500000 0.500000 1.000000 0.600000
8 0.500000 0.500000 1.000000 0.600000
8 0.500000 0.500000 1.000000 0.600000
8 0.500000 0.500000 1.000000 0.600000
0 0.500000 0.500000 1.000000 0.600000
0 0.500000 0.500000 1.000000 0.600000
0 0.500000 0.500000 1.000000 0.600000
0 0.500000 0.500000 1.000000 0.600000
0 0.500000 0.500000 1.000000 0.600000
0 0.500000 0.500000 1.000000 0.600000
0 0.500000 0.500000 0.501577 0.502857
0 0.500000 0.500000 0.501577 0.502857
0 0.500000 0.500000 0.501577 0.502857
0 0.500000 0.500000 0.501577 0.502857
0 0.500000 0.500000 0.501577 0.502857
7 0.500000 0.500000 0.501577 0.502857
7 0.500000 0.500000 0.501577 0.502857
7 0.500000 0.500000 0.501577 0.502857
7 0.500000 0.500000 0.501577 0.502857
7 0.500000 0.500000 0.501577 0.502857
3 0.499211 0.150000 0.799685 0.300000
3 0.499211 0.150000 0.799685 0.300000
3 0.499211 0.150000 0.799685 0.300000
3 0.499211 0.150000 0.799685 0.300000
3 0.499211 0.150000 0.799685 0.300000
3 0.499211 0.150000 0.799685 0.300000
