0 0.500000 0.148810 0.800000 0.297619
0 0.500000 0.148810 0.800000 0.297619
0 0.500000 0.148810 0.800000 0.297619
0 0.500000 0.148810 0.800000 0.297619
0 0.500000 0.497024 0.600000 0.398810
0 0.500000 0.497024 0.600000 0.398810
0 0.500000 0.497024 0.600000 0.398810
0 0.500000 0.497024 0.600000 0.398810
8 0.500000 0.497024 1.000000 0.601190
8 0.500000 0.497024 1.000000 0.601190
8 0.500000 0.497024 1.000000 0.601190
8 0.500000 0.497024 1.000000 0.601190
8 0.500000 0.497024 1.000000 0.601190
0 0.500000 0.500000 0.500000 0.500000
0 0.500000 0.500000 0.500000 0.500000
0 0.500000 0.500000 0.500000 0.500000
0 0.500000 0.500000 0.500000 0.500000
0 0.500000 0.500000 0.500000 0.500000
