0 0.500000 0.498175 1.000000 0.602190
0 0.500000 0.498175 1.000000 0.602190
0 0.500000 0.498175 1.000000 0.602190
0 0.500000 0.498175 1.000000 0.602190
0 0.500000 0.500000 0.505495 0.503650
0 0.500000 0.500000 0.505495 0.503650
0 0.500000 0.500000 0.505495 0.503650
0 0.500000 0.500000 0.505495 0.503650
0 0.500000 0.500000 0.505495 0.503650
0 0.500000 0.500000 0.505495 0.503650
0 0.500000 0.500000 0.505495 0.503650
0 0.500000 0.500000 0.505495 0.503650
7 0.500000 0.500000 0.505495 0.503650
7 0.500000 0.500000 0.505495 0.503650
7 0.500000 0.500000 0.505495 0.503650
7 0.500000 0.500000 0.505495 0.503650
7 0.500000 0.500000 0.505495 0.503650
3 0.497253 0.149635 0.796703 0.299270
3 0.497253 0.149635 0.796703 0.299270
3 0.497253 0.149635 0.796703 0.299270
3 0.497253 0.149635 0.796703 0.299270
