0 0.500000 0.497093 1.000000 0.598837
0 0.500000 0.497093 1.000000 0.598837
0 0.500000 0.497093 1.000000 0.598837
0 0.500000 0.497093 1.000000 0.598837
0 0.500000 0.497093 1.000000 0.598837
0 0.500000 0.500000 0.503448 0.500000
0 0.500000 0.500000 0.503448 0.500000
0 0.500000 0.500000 0.503448 0.500000
0 0.500000 0.497093 1.000000 0.598837
0 0.500000 0.497093 1.000000 0.598837
0 0.500000 0.497093 1.000000 0.598837
0 0.500000 0.497093 1.000000 0.598837
0 0.500000 0.497093 1.000000 0.598837
0 0.500000 0.500000 0.503448 0.500000
0 0.500000 0.500000 0.503448 0.500000
0 0.500000 0.500000 0.503448 0.500000
0 0.500000 0.500000 0.503448 0.500000
0 0.500000 0.500000 0.503448 0.500000
3 0.500000 0.148256 0.800000 0.296512
3 0.500000 0.148256 0.800000 0.296512
3 0.500000 0.148256 0.800000 0.296512
3 0.500000 0.148256 0.800000 0.296512
