0 0.500000 0.498062 1.000000 0.600775
0 0.500000 0.498062 1.000000 0.600775
0 0.500000 0.498062 1.000000 0.600775
0 0.500000 0.498062 1.000000 0.600775
0 0.500000 0.498062 1.000000 0.600775
0 0.500000 0.498062 1.000000 0.600775
0 0.500000 0.498062 1.000000 0.600775
0 0.500000 0.498062 1.000000 0.600775
0 0.500000 0.498062 1.000000 0.600775
0 0.500000 0.498062 1.000000 0.600775
0 0.500000 0.498062 1.000000 0.600775
3 0.500000 0.500000 0.502591 0.503876
3 0.500000 0.500000 0.502591 0.503876
3 0.500000 0.500000 0.502591 0.503876
3 0.500000 0.500000 0.502591 0.503876
3 0.500000 0.500000 0.502591 0.503876
3 0.500000 0.500000 0.502591 0.503876
0 0.500000 0.500000 0.502591 0.503876
0 0.500000 0.500000 0.502591 0.503876
0 0.500000 0.500000 0.502591 0.503876
0 0.500000 0.500000 0.502591 0.503876
0 0.500000 0.500000 0.502591 0.503876
3 0.497409 0.149225 0.797927 0.298450
3 0.497409 0.149225 0.797927 0.298450
3 0.497409 0.149225 0.797927 0.298450
3 0.497409 0.149225 0.797927 0.298450
3 0.497409 0.149225 0.797927 0.298450
3 0.497409 0.149225 0.797927 0.298450
