4 0.500000 0.499112 1.000000 0.600355
4 0.500000 0.499112 1.000000 0.600355
4 0.500000 0.499112 1.000000 0.600355
4 0.500000 0.499112 1.000000 0.600355
4 0.500000 0.499112 1.000000 0.600355
0 0.500000 0.499112 1.000000 0.600355
0 0.500000 0.499112 1.000000 0.600355
0 0.500000 0.499112 1.000000 0.600355
0 0.500000 0.499112 1.000000 0.600355
6 0.500000 0.499112 1.000000 0.600355
6 0.500000 0.499112 1.000000 0.600355
6 0.500000 0.499112 1.000000 0.600355
6 0.500000 0.499112 1.000000 0.600355
6 0.500000 0.499112 1.000000 0.600355
0 0.500000 0.500000 0.500592 0.502664
0 0.500000 0.500000 0.500592 0.502664
0 0.500000 0.500000 0.500592 0.502664
0 0.500000 0.500000 0.500592 0.502664
0 0.500000 0.500000 0.500592 0.502664
3 0.499408 0.149201 0.800000 0.298401
3 0.499408 0.149201 0.800000 0.298401
3 0.499408 0.149201 0.800000 0.298401
3 0.499408 0.149201 0.800000 0.298401
3 0.499408 0.149201 0.800000 0.298401
3 0.499408 0.149201 0.800000 0.298401
