4 0.500000 0.500000 1.000000 0.600000
4 0.500000 0.500000 1.000000 0.600000
4 0.500000 0.500000 1.000000 0.600000
4 0.500000 0.500000 1.000000 0.600000
4 0.500000 0.500000 1.000000 0.600000
0 0.500000 0.500000 1.000000 0.600000
0 0.500000 0.500000 1.000000 0.600000
0 0.500000 0.500000 1.000000 0.600000
0 0.500000 0.500000 1.000000 0.600000
0 0.500000 0.500000 1.000000 0.600000
0 0.500000 0.500000 1.000000 0.600000
3 0.500000 0.149495 0.800000 0.298990
3 0.500000 0.149495 0.800000 0.298990
3 0.500000 0.149495 0.800000 0.298990
3 0.500000 0.149495 0.800000 0.298990
3 0.500000 0.149495 0.800000 0.298990
3 0.500000 0.149495 0.800000 0.298990
0 0.500000 0.500000 0.500000 0.503030
0 0.500000 0.500000 0.500000 0.503030
0 0.500000 0.500000 0.500000 0.503030
0 0.500000 0.500000 0.500000 0.503030
0 0.500000 0.500000 0.500000 0.503030
0 0.500000 0.500000 0.500000 0.503030
3 0.500000 0.149495 0.800000 0.298990
3 0.500000 0.149495 0.800000 0.298990
3 0.500000 0.149495 0.800000 0.298990
3 0.500000 0.149495 0.800000 0.298990
3 0.500000 0.149495 0.800000 0.298990
3 0.500000 0.149495 0.800000 0.298990
